code,timestamps,open,close,high,low,ycp,vol,amount,MA5,MA10,MA20,MA30,MA60,MSI,DIF,DEA,MACD_Hist,name,industry,block,MA4,MA8,MA12,MA16,MA47
600160,2018-04-02,11.98,11.81,12.29,11.8,11.93,432620.0,522821000.0,,,11.81,,,,0.0,0.0,0.0,巨化股份,化学原料和化学制品制造业,主板,11.81,11.81,11.81,11.81,11.81
600160,2018-04-03,11.5,11.61,11.66,11.34,11.81,331078.0,381218000.0,,,11.71,,,,-0.02,0.0,-0.02,巨化股份,化学原料和化学制品制造业,主板,11.71,11.71,11.71,11.71,11.71
600160,2018-04-04,11.69,11.49,11.89,11.44,11.61,286080.0,334048000.0,,,11.636666666666668,,,,-0.04,-0.01,-0.03,巨化股份,化学原料和化学制品制造业,主板,11.636666666666668,11.636666666666668,11.636666666666668,11.636666666666668,11.636666666666668
600160,2018-04-09,11.4,11.32,11.62,11.23,11.49,352450.0,401789000.0,,,11.557500000000001,,,,-0.07,-0.02,-0.05,巨化股份,化学原料和化学制品制造业,主板,11.557500000000001,11.557500000000001,11.557500000000001,11.557500000000001,11.557500000000001
600160,2018-04-10,11.39,11.57,11.58,11.3,11.32,286636.0,328258000.0,11.56,,11.56,,,,-0.07,-0.03,-0.04,巨化股份,化学原料和化学制品制造业,主板,11.4975,11.56,11.56,11.56,11.56
600160,2018-04-11,11.62,11.5,11.72,11.39,11.57,291141.0,337338000.0,11.5,,11.550000000000002,,,,-0.08,-0.04,-0.04,巨化股份,化学原料和化学制品制造业,主板,11.47,11.550000000000002,11.550000000000002,11.550000000000002,11.550000000000002
600160,2018-04-12,11.39,11.32,11.43,11.23,11.5,247084.0,279745000.0,11.44,,11.517142857142858,,,,-0.1,-0.05,-0.05,巨化股份,化学原料和化学制品制造业,主板,11.4275,11.517142857142858,11.517142857142858,11.517142857142858,11.517142857142858
600160,2018-04-13,11.36,11.32,11.4,11.28,11.32,154242.0,174836000.0,11.41,,11.4925,,,,-0.11,-0.06,-0.05,巨化股份,化学原料和化学制品制造业,主板,11.4275,11.4925,11.4925,11.4925,11.4925
600160,2018-04-16,11.31,10.87,11.37,10.65,11.32,381528.0,418749000.0,11.32,,11.423333333333334,,,,-0.16,-0.08,-0.08,巨化股份,化学原料和化学制品制造业,主板,11.2525,11.375,11.423333333333334,11.423333333333334,11.423333333333334
600160,2018-04-17,10.86,10.61,10.95,10.6,10.87,242199.0,260863000.0,11.12,11.34,11.342,,,,-0.21,-0.11,-0.1,巨化股份,化学原料和化学制品制造业,主板,11.03,11.25,11.342,11.342,11.342
600160,2018-04-18,10.75,10.99,11.01,10.64,10.61,300783.0,326045000.0,11.02,11.26,11.31,,,,-0.22,-0.13,-0.09,巨化股份,化学原料和化学制品制造业,主板,10.9475,11.1875,11.31,11.31,11.31
600160,2018-04-19,11.2,11.31,11.42,11.09,10.99,429794.0,485480000.0,11.02,11.23,11.31,,,,-0.2,-0.15,-0.05,巨化股份,化学原料和化学制品制造业,主板,10.945,11.186250000000001,11.31,11.31,11.31
600160,2018-04-20,11.3,10.88,11.35,10.86,11.31,307550.0,341079000.0,10.93,11.17,11.276923076923076,,,,-0.22,-0.16,-0.06,巨化股份,化学原料和化学制品制造业,主板,10.947500000000002,11.100000000000001,11.2325,11.276923076923076,11.276923076923076
600160,2018-04-23,10.86,11.04,11.11,10.83,10.88,184968.0,202749000.0,10.97,11.14,11.26,,,40.7,-0.22,-0.17,-0.05,巨化股份,化学原料和化学制品制造业,主板,11.055000000000001,11.0425,11.184999999999997,11.26,11.26
600160,2018-04-24,11.1,11.41,11.45,10.9,11.04,340823.0,384455000.0,11.13,11.12,11.27,,,50.03,-0.18,-0.17,-0.01,巨化股份,化学原料和化学制品制造业,主板,11.160000000000002,11.05375,11.17833333333333,11.27,11.27
600160,2018-04-25,11.31,11.35,11.4,11.23,11.41,201689.0,228042000.0,11.2,11.11,11.274999999999999,,,48.69,-0.16,-0.17,0.01,巨化股份,化学原料和化学制品制造业,主板,11.170000000000002,11.057500000000001,11.18083333333333,11.274999999999999,11.274999999999999
600160,2018-04-26,11.36,11.1,11.43,11.08,11.35,200453.0,225588000.0,11.16,11.09,11.26470588235294,,,43.48,-0.15,-0.17,0.02,巨化股份,化学原料和化学制品制造业,主板,11.225000000000001,11.08625,11.141666666666664,11.230624999999998,11.26470588235294
600160,2018-04-27,11.28,11.28,11.37,11.16,11.1,229766.0,259144000.0,11.24,11.08,11.265555555555554,,,47.81,-0.14,-0.16,0.02,巨化股份,化学原料和化学制品制造业,主板,11.285000000000002,11.17,11.12333333333333,11.209999999999997,11.265555555555554
600160,2018-05-02,11.36,11.46,11.48,11.2,11.28,275315.0,312937000.0,11.32,11.14,11.27578947368421,,,51.79,-0.11,-0.15,0.04,巨化股份,化学原料和化学制品制造业,主板,11.297500000000003,11.22875,11.134999999999998,11.208124999999997,11.27578947368421
600160,2018-05-03,11.35,11.7,11.74,11.3,11.46,403436.0,465119000.0,11.38,11.25,11.296999999999999,,,56.55,-0.07,-0.13,0.06,巨化股份,化学原料和化学制品制造业,主板,11.385000000000003,11.2775,11.166666666666664,11.231874999999997,11.296999999999999
600160,2018-05-04,11.69,11.55,11.75,11.55,11.7,323888.0,377724000.0,11.42,11.31,11.283999999999999,,,53.03,-0.05,-0.12,0.07,巨化股份,化学原料和化学制品制造业,主板,11.497500000000004,11.36125,11.223333333333331,11.230624999999998,11.309047619047618
600160,2018-05-07,11.62,11.83,11.92,11.55,11.55,400474.0,471340000.0,11.56,11.36,11.294999999999998,,,58.26,0.0,-0.09,0.09,巨化股份,化学原料和化学制品制造业,主板,11.635000000000003,11.46,11.324999999999998,11.251249999999999,11.332727272727272
600160,2018-05-08,11.83,11.8,11.87,11.69,11.83,303156.0,357179000.0,11.67,11.45,11.3105,,,57.52,0.02,-0.07,0.09,巨化股份,化学原料和化学制品制造业,主板,11.720000000000004,11.508750000000001,11.392499999999998,11.28125,11.35304347826087
600160,2018-05-09,11.79,11.63,11.79,11.54,11.8,289797.0,337202000.0,11.7,11.51,11.325999999999999,,,53.39,0.03,-0.05,0.08,巨化股份,化学原料和化学制品制造业,主板,11.702500000000004,11.543750000000001,11.419166666666664,11.300625,11.364583333333334
600160,2018-05-10,11.66,11.56,11.82,11.37,11.63,326102.0,378461000.0,11.67,11.53,11.3255,,,51.74,0.04,-0.03,0.07,巨化股份,化学原料和化学制品制造业,主板,11.705000000000005,11.601250000000002,11.475833333333332,11.34375,11.3724
600160,2018-05-11,11.5,11.48,11.57,11.4,11.56,193237.0,221753000.0,11.66,11.54,11.324499999999999,,,49.85,0.03,-0.02,0.05,巨化股份,化学原料和化学制品制造业,主板,11.617500000000007,11.626250000000002,11.512499999999998,11.398125,11.376538461538463
600160,2018-05-14,11.45,11.79,11.8,11.45,11.48,350832.0,408948000.0,11.65,11.61,11.347999999999999,,,56.49,0.05,-0.01,0.06,巨化股份,化学原料和化学制品制造业,主板,11.615000000000006,11.6675,11.544166666666664,11.448125,11.391851851851854
600160,2018-05-15,11.77,11.75,11.87,11.56,11.79,269484.0,315332000.0,11.64,11.66,11.369499999999999,,,55.47,0.06,0.01,0.05,巨化股份,化学原料和化学制品制造业,主板,11.645000000000005,11.67375,11.577499999999999,11.475624999999999,11.404642857142859
600160,2018-05-16,11.69,11.68,11.82,11.52,11.75,252797.0,295758000.0,11.65,11.68,11.41,,,53.64,0.06,0.02,0.04,巨化股份,化学原料和化学制品制造业,主板,11.675000000000004,11.69,11.625833333333333,11.525625,11.414137931034485
600160,2018-05-17,11.6,12.04,12.23,11.6,11.68,627173.0,752586000.0,11.75,11.71,11.4815,11.44,,60.8,0.1,0.03,0.07,巨化股份,化学原料和化学制品制造业,主板,11.815000000000005,11.71625,11.689166666666665,11.588125,11.435000000000002
600160,2018-05-18,12.02,12.14,12.27,11.88,12.04,522392.0,630960000.0,11.88,11.77,11.538999999999998,11.45,,62.53,0.12,0.05,0.07,巨化股份,化学原料和化学制品制造业,主板,11.902500000000005,11.758750000000001,11.74583333333333,11.633750000000001,11.457741935483872
600160,2018-05-21,12.3,12.45,12.56,12.07,12.14,635812.0,784081000.0,12.01,11.83,11.595999999999998,11.47,,67.34,0.17,0.08,0.09,巨化股份,化学原料和化学制品制造业,主板,12.077500000000004,11.861250000000002,11.80833333333333,11.7025,11.488750000000001
600160,2018-05-22,12.37,12.31,12.4,12.16,12.45,383734.0,471120000.0,12.12,11.88,11.667499999999999,11.5,,63.38,0.2,0.1,0.1,巨化股份,化学原料和化学制品制造业,主板,12.235000000000005,11.955000000000002,11.871666666666663,11.778125000000001,11.513636363636365
600160,2018-05-23,12.32,11.99,12.33,11.95,12.31,400684.0,483250000.0,12.19,11.92,11.715,11.52,,55.37,0.19,0.12,0.07,巨化股份,化学原料和化学制品制造业,主板,12.222500000000005,12.01875,11.884999999999996,11.822500000000002,11.527647058823531
600160,2018-05-24,11.96,11.95,12.14,11.9,11.99,226289.0,271849000.0,12.17,11.96,11.741999999999999,11.54,,54.44,0.17,0.13,0.04,巨化股份,化学原料和化学制品制造业,主板,12.175000000000004,12.03875,11.897499999999994,11.853125,11.539714285714288
600160,2018-05-25,11.9,11.64,12.14,11.62,11.95,430054.0,511356000.0,12.07,11.97,11.756499999999999,11.54,,47.77,0.14,0.13,0.01,巨化股份,化学原料和化学制品制造业,主板,11.972500000000004,12.025,11.898333333333326,11.849375000000002,11.5425
600160,2018-05-28,11.65,11.49,11.73,11.41,11.64,244053.0,282345000.0,11.88,11.94,11.776,11.55,,44.9,0.1,0.12,-0.02,巨化股份,化学原料和化学制品制造业,主板,11.767500000000004,12.001249999999999,11.892499999999993,11.845625000000002,11.541081081081082
600160,2018-05-29,11.56,11.53,11.71,11.5,11.49,197683.0,229284000.0,11.72,11.92,11.788499999999999,11.55,,45.84,0.06,0.11,-0.05,巨化股份,化学原料和化学制品制造业,主板,11.652500000000003,11.9375,11.896666666666661,11.826875000000001,11.54078947368421
600160,2018-05-30,11.28,10.85,11.36,10.83,11.53,386256.0,427150000.0,11.49,11.84,11.758,11.55,,34.99,-0.01,0.09,-0.1,巨化股份,化学原料和化学制品制造业,主板,11.377500000000005,11.77625,11.818333333333328,11.7675,11.523076923076925
600160,2018-05-31,11.06,11.05,11.09,10.85,10.85,181412.0,199556000.0,11.31,11.74,11.7255,11.57,,39.52,-0.06,0.06,-0.12,巨化股份,化学原料和化学制品制造业,主板,11.230000000000004,11.601249999999999,11.759999999999996,11.731250000000001,11.51125
600160,2018-06-01,11.0,11.02,11.13,10.9,11.05,162646.0,179163000.0,11.19,11.63,11.699,11.57,,39.08,-0.09,0.03,-0.12,巨化股份,化学原料和化学制品制造业,主板,11.112500000000002,11.439999999999998,11.704999999999997,11.697500000000002,11.499268292682927
600160,2018-06-04,11.17,11.0,11.19,10.95,11.02,155362.0,171955000.0,11.09,11.48,11.657499999999999,11.56,,38.77,-0.13,0.0,-0.13,巨化股份,化学原料和化学制品制造业,主板,10.980000000000002,11.316249999999998,11.61833333333333,11.667500000000002,11.487380952380953
600160,2018-06-05,11.05,11.27,11.29,11.02,11.0,173305.0,192930000.0,11.04,11.38,11.630999999999998,11.57,,45.1,-0.12,-0.03,-0.09,巨化股份,化学原料和化学制品制造业,主板,11.085000000000003,11.231249999999998,11.545833333333329,11.635000000000003,11.482325581395349
600160,2018-06-06,8.59,8.53,8.71,8.45,11.27,178884.0,153639000.0,10.57,11.03,11.475999999999999,11.49,,21.17,-0.34,-0.09,-0.25,巨化股份,化学原料和化学制品制造业,主板,10.455000000000002,10.842499999999998,11.219166666666665,11.433750000000003,11.415227272727272
600160,2018-06-07,8.51,8.32,8.55,8.28,8.53,247945.0,208270000.0,10.03,10.67,11.313999999999998,11.38,,20.28,-0.52,-0.18,-0.34,巨化股份,化学原料和化学制品制造业,主板,9.780000000000001,10.446249999999997,10.886666666666663,11.223750000000003,11.346444444444444
600160,2018-06-08,8.31,8.03,8.32,7.96,8.32,327954.0,265064000.0,9.43,10.31,11.141499999999999,11.27,,19.09,-0.69,-0.28,-0.41,巨化股份,化学原料和化学制品制造业,主板,9.037500000000001,10.008749999999997,10.556666666666663,10.973125000000003,11.274347826086956
600160,2018-06-11,8.1,8.05,8.14,7.99,8.03,198272.0,159662000.0,8.84,9.96,10.9545,11.17,,19.44,-0.8,-0.38,-0.42,巨化股份,化学原料和化学制品制造业,主板,8.232500000000002,9.658749999999998,10.231666666666664,10.717500000000005,11.205744680851064
600160,2018-06-12,8.08,8.18,8.21,8.02,8.05,180818.0,146948000.0,8.22,9.63,10.776,11.07,,21.82,-0.88,-0.48,-0.4,巨化股份,化学原料和化学制品制造业,主板,8.145000000000001,9.299999999999999,9.94333333333333,10.450625000000006,11.128510638297872
600160,2018-06-13,8.17,7.9,8.17,7.89,8.18,223736.0,179754000.0,8.1,9.33,10.587,10.95,,20.42,-0.94,-0.57,-0.37,巨化股份,化学原料和化学制品制造业,主板,8.040000000000001,8.91,9.644166666666663,10.175000000000006,11.049574468085105
600160,2018-06-14,7.85,8.0,8.05,7.85,7.9,151867.0,121239000.0,8.03,9.03,10.385000000000002,10.83,,22.33,-0.98,-0.65,-0.33,巨化股份,化学原料和化学制品制造业,主板,8.0325,8.535,9.349999999999996,9.925625000000005,10.975319148936169
600160,2018-06-15,8.01,7.82,8.05,7.75,8.0,218419.0,171726000.0,7.99,8.71,10.169,10.7,,21.34,-1.02,-0.73,-0.29,巨化股份,化学原料和化学制品制造业,主板,7.9750000000000005,8.10375,9.097499999999997,9.667500000000006,10.900851063829785
600160,2018-06-19,7.69,7.05,7.69,7.04,7.82,471037.0,342169000.0,7.79,8.32,9.899000000000001,10.54,,17.71,-1.08,-0.8,-0.28,巨化股份,化学原料和化学制品制造业,主板,7.692500000000001,7.918749999999999,8.764166666666663,9.380625000000006,10.804680851063827
600160,2018-06-20,7.0,7.2,7.28,6.95,7.05,279225.0,199360000.0,7.59,7.91,9.6435,10.39,,20.54,-1.12,-0.86,-0.26,巨化股份,化学原料和化学制品制造业,主板,7.517500000000002,7.77875,8.445833333333331,9.112500000000004,10.7131914893617
600160,2018-06-21,7.18,7.04,7.33,7.0,7.2,217999.0,156364000.0,7.42,7.76,9.395999999999999,10.24,,19.76,-1.14,-0.92,-0.22,巨化股份,化学原料和化学制品制造业,主板,7.277500000000002,7.654999999999999,8.115833333333331,8.831875000000004,10.622127659574465
600160,2018-06-22,7.03,7.19,7.24,6.91,7.04,164463.0,117468000.0,7.26,7.65,9.158,10.09,,22.73,-1.14,-0.96,-0.18,巨化股份,化学原料和化学制品制造业,主板,7.120000000000001,7.547499999999999,7.775833333333331,8.603125000000004,10.534255319148935
600160,2018-06-25,7.3,7.21,7.34,7.16,7.19,151406.0,109648000.0,7.14,7.56,8.9365,9.95,,23.14,-1.13,-1.0,-0.13,巨化股份,化学原料和化学制品制造业,主板,7.160000000000001,7.426249999999999,7.665833333333331,8.363125000000004,10.456382978723402
600160,2018-06-26,7.06,7.28,7.32,7.02,7.21,162050.0,116730000.0,7.18,7.49,8.726,9.8,,24.65,-1.09,-1.01,-0.08,巨化股份,化学原料和化学制品制造业,主板,7.180000000000001,7.348749999999998,7.579166666666663,8.129375000000003,10.385531914893614
600160,2018-06-27,7.23,7.16,7.32,7.13,7.28,139992.0,100951000.0,7.18,7.39,8.5075,9.65,,23.79,-1.06,-1.02,-0.04,巨化股份,化学原料和化学制品制造业,主板,7.210000000000001,7.243749999999999,7.506666666666663,7.889375000000003,10.304042553191486
600160,2018-06-28,7.15,7.1,7.26,7.1,7.16,122714.0,88093500.0,7.19,7.3,8.32,9.49,,23.35,-1.03,-1.03,0.0,巨化股份,化学原料和化学制品制造业,主板,7.187500000000001,7.153749999999998,7.427499999999996,7.628750000000003,10.21446808510638
600160,2018-06-29,7.16,7.32,7.34,7.11,7.1,197024.0,142796000.0,7.21,7.24,8.1335,9.34,10.39,28.54,-0.98,-1.02,0.04,巨化股份,化学原料和化学制品制造业,主板,7.215000000000002,7.187499999999998,7.3558333333333294,7.553125000000003,10.138723404255316
600160,2018-07-02,7.27,7.13,7.34,7.06,7.32,206093.0,148455000.0,7.2,7.17,7.938999999999998,9.17,10.31,26.85,-0.94,-1.0,0.06,巨化股份,化学原料和化学制品制造业,主板,7.177500000000002,7.178749999999997,7.291666666666662,7.478750000000003,10.055531914893614
600160,2018-07-03,7.11,7.27,7.28,7.06,7.13,174735.0,125454000.0,7.2,7.19,7.7524999999999995,9.0,10.24,30.14,-0.89,-0.98,0.09,巨化股份,化学原料和化学制品制造业,主板,7.205000000000001,7.207499999999997,7.230833333333329,7.431250000000003,9.967446808510633
600160,2018-07-04,7.23,7.07,7.25,7.02,7.27,215924.0,153395000.0,7.18,7.18,7.542499999999999,8.82,10.16,28.19,-0.86,-0.95,0.09,巨化股份,化学原料和化学制品制造业,主板,7.1975,7.192499999999997,7.1683333333333294,7.370000000000004,9.876382978723399
600160,2018-07-05,7.07,6.8,7.13,6.76,7.07,196210.0,136875000.0,7.12,7.15,7.455999999999999,8.65,10.09,25.77,-0.85,-0.93,0.08,巨化股份,化学原料和化学制品制造业,主板,7.067499999999999,7.141249999999997,7.147499999999996,7.283750000000003,9.784893617021272
600160,2018-07-06,6.81,6.98,7.12,6.69,6.8,277912.0,192909000.0,7.05,7.13,7.3889999999999985,8.48,10.01,30.08,-0.81,-0.91,0.1,巨化股份,化学原料和化学制品制造业,主板,7.03,7.103749999999996,7.129166666666663,7.226250000000003,9.693404255319145
600160,2018-07-09,7.03,7.14,7.17,7.01,6.98,193948.0,137940000.0,7.05,7.12,7.344499999999998,8.33,9.94,33.77,-0.76,-0.88,0.12,巨化股份,化学原料和化学制品制造业,主板,6.9975,7.101249999999997,7.137499999999996,7.172500000000003,9.601489361702123
600160,2018-07-10,7.21,7.24,7.3,7.15,7.14,244460.0,176634000.0,7.05,7.12,7.303999999999998,8.19,9.87,36.04,-0.7,-0.84,0.14,巨化股份,化学原料和化学制品制造业,主板,7.039999999999999,7.118749999999996,7.141666666666662,7.136250000000002,9.506595744680848
600160,2018-07-11,7.09,7.42,7.45,7.01,7.24,355554.0,257632000.0,7.12,7.15,7.2659999999999965,8.05,9.8,40.02,-0.64,-0.8,0.16,巨化股份,化学原料和化学制品制造业,主板,7.194999999999999,7.131249999999995,7.159166666666663,7.1593750000000025,9.418723404255315
600160,2018-07-12,7.43,7.51,7.58,7.33,7.42,451482.0,337436000.0,7.26,7.19,7.246499999999996,7.94,9.75,41.96,-0.57,-0.76,0.19,巨化股份,化学原料和化学制品制造业,主板,7.3275,7.178749999999995,7.17833333333333,7.178750000000003,9.326808510638294
600160,2018-07-13,7.46,7.5,7.53,7.43,7.51,245639.0,183679000.0,7.36,7.21,7.221499999999996,7.82,9.7,41.8,-0.51,-0.71,0.2,巨化股份,化学原料和化学制品制造业,主板,7.4175,7.207499999999994,7.2066666666666634,7.207500000000002,9.235319148936167
600160,2018-07-16,7.47,7.38,7.52,7.33,7.5,213431.0,157785000.0,7.41,7.23,7.199499999999996,7.7,9.64,39.81,-0.47,-0.66,0.19,巨化股份,化学原料和化学制品制造业,主板,7.452500000000001,7.246249999999994,7.229999999999997,7.219375000000002,9.144893617021273
600160,2018-07-17,7.41,7.42,7.49,7.32,7.38,195807.0,144780000.0,7.45,7.25,7.217999999999995,7.58,9.57,40.82,-0.42,-0.61,0.19,巨化股份,化学原料和化学制品制造业,主板,7.452500000000001,7.323749999999993,7.23833333333333,7.232500000000003,9.056808510638295
600160,2018-07-18,7.71,7.52,7.78,7.51,7.42,402124.0,306733000.0,7.47,7.29,7.233999999999996,7.46,9.51,43.38,-0.39,-0.57,0.18,巨化股份,化学原料和化学制品制造业,主板,7.455,7.391249999999992,7.2708333333333295,7.247500000000002,8.972553191489357
600160,2018-07-19,7.53,7.63,7.7,7.47,7.52,287665.0,218522000.0,7.49,7.37,7.263499999999996,7.43,9.46,46.15,-0.34,-0.52,0.18,巨化股份,化学原料和化学制品制造业,主板,7.487500000000001,7.452499999999992,7.30083333333333,7.276875000000002,8.884042553191485
600160,2018-07-20,7.56,7.81,7.86,7.54,7.63,336063.0,261399000.0,7.55,7.46,7.294499999999997,7.41,9.4,50.41,-0.28,-0.47,0.19,巨化股份,化学原料和化学制品制造业,主板,7.5950000000000015,7.523749999999992,7.362499999999997,7.321250000000003,8.800212765957442
600160,2018-07-23,7.78,7.92,7.97,7.75,7.81,255090.0,201198000.0,7.66,7.53,7.329999999999996,7.41,9.34,52.86,-0.22,-0.42,0.2,巨化股份,化学原料和化学制品制造业,主板,7.720000000000001,7.586249999999991,7.455833333333331,7.358750000000002,8.720212765957443
600160,2018-07-24,7.9,7.87,8.04,7.85,7.92,331896.0,263465000.0,7.75,7.6,7.359499999999995,7.4,9.29,51.61,-0.18,-0.37,0.19,巨化股份,化学原料和化学制品制造业,主板,7.8075,7.631249999999992,7.529999999999998,7.405000000000003,8.631489361702123
600160,2018-07-25,7.9,7.94,8.05,7.88,7.87,247956.0,197508000.0,7.83,7.65,7.398499999999996,7.39,9.23,53.28,-0.14,-0.33,0.19,巨化股份,化学原料和化学制品制造业,主板,7.885000000000001,7.686249999999992,7.596666666666664,7.446875000000003,8.542127659574463
600160,2018-07-26,7.92,7.86,7.98,7.84,7.94,189785.0,149607000.0,7.88,7.68,7.436499999999997,7.39,9.17,51.11,-0.12,-0.29,0.17,巨化股份,化学原料和化学制品制造业,主板,7.897500000000002,7.746249999999992,7.648333333333331,7.496250000000003,8.44446808510638
600160,2018-07-27,7.82,7.94,8.03,7.81,7.86,191142.0,151962000.0,7.91,7.73,7.467499999999997,7.39,9.11,53.16,-0.09,-0.25,0.16,巨化股份,化学原料和化学制品制造业,主板,7.902500000000002,7.811249999999992,7.691666666666664,7.5675000000000034,8.351489361702123
600160,2018-07-30,7.99,7.84,7.99,7.8,7.94,158398.0,124803000.0,7.89,7.78,7.5029999999999974,7.39,9.05,50.32,-0.07,-0.21,0.14,巨化股份,化学原料和化学制品制造业,主板,7.8950000000000005,7.851249999999993,7.719166666666664,7.6212500000000025,8.263191489361697
600160,2018-07-31,7.83,7.91,7.92,7.68,7.84,190626.0,148629000.0,7.9,7.82,7.534999999999997,7.42,8.98,52.24,-0.05,-0.18,0.13,巨化股份,化学原料和化学制品制造业,主板,7.8875,7.886249999999992,7.75333333333333,7.669375000000003,8.177234042553188
600160,2018-08-01,7.91,7.74,8.08,7.72,7.91,296252.0,234951000.0,7.86,7.85,7.568499999999998,7.44,8.91,47.44,-0.05,-0.15,0.1,巨化股份,化学原料和化学制品制造业,主板,7.8575,7.877499999999992,7.7833333333333306,7.700625000000003,8.094255319148933
600160,2018-08-02,7.75,7.84,7.86,7.52,7.74,306385.0,236500000.0,7.85,7.87,7.620499999999997,7.46,8.85,50.33,-0.04,-0.13,0.09,巨化股份,化学原料和化学制品制造业,主板,7.832499999999999,7.867499999999993,7.818333333333331,7.726875000000002,8.016595744680847
600160,2018-08-03,7.93,7.85,7.98,7.83,7.84,235675.0,186395000.0,7.84,7.87,7.663999999999997,7.49,8.79,50.63,-0.03,-0.11,0.08,巨化股份,化学原料和化学制品制造业,主板,7.834999999999998,7.864999999999992,7.8458333333333306,7.748125000000003,7.9382978723404225
600160,2018-08-06,7.87,7.32,7.87,7.26,7.85,359714.0,270679000.0,7.73,7.81,7.672999999999997,7.49,8.72,37.88,-0.07,-0.1,0.03,巨化股份,化学原料和化学制品制造业,主板,7.687499999999999,7.7874999999999925,7.819999999999998,7.736875000000003,7.863191489361698
600160,2018-08-07,7.32,7.83,7.86,7.32,7.32,346330.0,263538000.0,7.72,7.81,7.702499999999998,7.51,8.65,50.73,-0.05,-0.09,0.04,巨化股份,化学原料和化学制品制造业,主板,7.709999999999999,7.783749999999992,7.8216666666666645,7.765000000000004,7.794680851063825
600160,2018-08-08,7.83,7.72,7.9,7.66,7.83,273080.0,213108000.0,7.71,7.79,7.7174999999999985,7.53,8.59,48.41,-0.05,-0.08,0.03,巨化股份,化学原料和化学制品制造业,主板,7.679999999999999,7.7562499999999925,7.804999999999997,7.783750000000004,7.72446808510638
600160,2018-08-09,7.7,7.88,8.02,7.68,7.72,297964.0,235684000.0,7.72,7.79,7.735999999999999,7.55,8.52,51.86,-0.04,-0.07,0.03,巨化股份,化学原料和化学制品制造业,主板,7.687499999999998,7.7612499999999915,7.80583333333333,7.806250000000005,7.658085106382975
600160,2018-08-10,7.89,7.99,8.05,7.86,7.88,232783.0,185463000.0,7.75,7.79,7.760499999999999,7.58,8.46,54.14,-0.01,-0.06,0.05,巨化股份,化学原料和化学制品制造业,主板,7.854999999999999,7.771249999999991,7.809999999999996,7.828750000000005,7.588297872340423
600160,2018-08-13,7.88,8.1,8.1,7.81,7.99,267737.0,212884000.0,7.9,7.82,7.796499999999999,7.61,8.39,56.36,0.02,-0.05,0.07,巨化股份,化学原料和化学制品制造业,主板,7.922499999999999,7.81624999999999,7.829999999999996,7.846875000000004,7.579148936170211
600160,2018-08-14,8.1,7.95,8.1,7.91,8.1,211608.0,168821000.0,7.93,7.82,7.822999999999999,7.63,8.31,52.62,0.02,-0.03,0.05,巨化股份,化学原料和化学制品制造业,主板,7.98,7.829999999999989,7.83083333333333,7.8487500000000034,7.571276595744679
600160,2018-08-15,7.93,7.74,7.98,7.72,7.95,207376.0,162420000.0,7.93,7.82,7.833999999999999,7.65,8.24,47.83,0.01,-0.02,0.03,巨化股份,化学原料和化学制品制造业,主板,7.945000000000001,7.816249999999989,7.822499999999995,7.840625000000003,7.565106382978723
600160,2018-08-16,7.6,7.67,7.81,7.55,7.74,144511.0,111312000.0,7.89,7.8,7.8359999999999985,7.68,8.17,46.32,0.0,-0.02,0.02,巨化股份,化学原料和化学制品制造业,主板,7.865,7.859999999999988,7.802499999999996,7.823750000000002,7.557021276595743
600160,2018-08-17,7.75,7.48,7.8,7.44,7.67,175681.0,133756000.0,7.79,7.77,7.819499999999998,7.7,8.09,42.39,-0.03,-0.02,-0.01,巨化股份,化学原料和化学制品制造业,主板,7.709999999999999,7.816249999999988,7.78083333333333,7.800000000000002,7.542127659574467
600160,2018-08-20,7.49,7.48,7.55,7.28,7.48,192887.0,143018000.0,7.66,7.78,7.797499999999998,7.71,8.02,42.39,-0.05,-0.03,-0.02,巨化股份,化学原料和化学制品制造业,主板,7.5924999999999985,7.786249999999988,7.75083333333333,7.771250000000002,7.533191489361702
600160,2018-08-21,7.48,7.54,7.63,7.42,7.48,135601.0,102152000.0,7.58,7.76,7.780999999999997,7.72,7.96,44.13,-0.06,-0.03,-0.03,巨化股份,化学原料和化学制品制造业,主板,7.542499999999999,7.743749999999989,7.724999999999998,7.752500000000001,7.523404255319149
600160,2018-08-22,7.52,7.39,7.54,7.35,7.54,140277.0,104017000.0,7.51,7.72,7.753499999999997,7.72,7.89,40.82,-0.08,-0.04,-0.04,巨化股份,化学原料和化学制品制造业,主板,7.472499999999998,7.668749999999988,7.730833333333332,7.720000000000001,7.514255319148936
600160,2018-08-23,7.38,7.5,7.54,7.37,7.39,149976.0,112195000.0,7.48,7.68,7.7354999999999965,7.72,7.83,44.13,-0.09,-0.05,-0.04,巨化股份,化学原料和化学制品制造业,主板,7.477499999999998,7.5937499999999885,7.703333333333332,7.705000000000001,7.5238297872340425
600160,2018-08-24,7.51,7.52,7.56,7.43,7.5,124414.0,93226100.0,7.49,7.64,7.714499999999997,7.72,7.77,44.73,-0.08,-0.06,-0.02,巨化股份,化学原料和化学制品制造业,主板,7.487499999999998,7.5399999999999885,7.686666666666665,7.6850000000000005,7.530638297872341
600160,2018-08-27,7.54,7.64,7.65,7.41,7.52,268136.0,202425000.0,7.52,7.59,7.704499999999996,7.73,7.72,48.34,-0.08,-0.06,-0.02,巨化股份,化学原料和化学制品制造业,主板,7.5124999999999975,7.527499999999988,7.666666666666665,7.671875,7.543404255319148
600160,2018-08-28,7.62,7.66,7.67,7.56,7.64,170593.0,130004000.0,7.54,7.56,7.691999999999996,7.74,7.66,48.94,-0.07,-0.06,-0.01,巨化股份,化学原料和化学制品制造业,主板,7.579999999999998,7.526249999999989,7.639166666666665,7.693125,7.5534042553191485
600160,2018-08-29,7.66,7.55,7.66,7.54,7.66,112565.0,85367000.0,7.57,7.54,7.682499999999996,7.74,7.6,45.8,-0.07,-0.07,0.0,巨化股份,化学原料和化学制品制造业,主板,7.592499999999998,7.534999999999988,7.593333333333333,7.675625000000001,7.560638297872341
600160,2018-08-30,7.53,7.54,7.68,7.53,7.55,137966.0,104795000.0,7.58,7.53,7.667499999999995,7.73,7.58,45.51,-0.07,-0.07,0.0,巨化股份,化学原料和化学制品制造业,主板,7.5974999999999975,7.542499999999988,7.559166666666666,7.6643750000000015,7.566170212765959
600160,2018-08-31,7.54,7.44,7.55,7.42,7.54,119199.0,89141800.0,7.57,7.53,7.646999999999996,7.72,7.57,42.64,-0.08,-0.07,-0.01,巨化股份,化学原料和化学制品制造业,主板,7.547499999999998,7.529999999999988,7.534166666666667,7.636875000000002,7.572127659574469
600160,2018-09-03,7.44,7.43,7.47,7.3,7.44,135278.0,99870000.0,7.52,7.52,7.652499999999996,7.71,7.56,42.35,-0.08,-0.07,-0.01,巨化股份,化学原料和化学制品制造业,主板,7.4899999999999975,7.534999999999988,7.514166666666667,7.601875000000002,7.579148936170213
600160,2018-09-04,7.43,7.52,7.56,7.41,7.43,116598.0,87356400.0,7.5,7.52,7.636999999999996,7.69,7.55,45.89,-0.07,-0.07,0.0,巨化股份,化学原料和化学制品制造业,主板,7.482499999999997,7.537499999999987,7.517499999999999,7.5656250000000025,7.58340425531915
600160,2018-09-05,7.52,7.35,7.54,7.35,7.52,98716.7,73416300.0,7.46,7.51,7.618499999999996,7.67,7.53,40.8,-0.08,-0.07,-0.01,巨化股份,化学原料和化学制品制造业,主板,7.434999999999997,7.516249999999987,7.506666666666665,7.528125000000002,7.588085106382979
600160,2018-09-06,7.35,7.35,7.46,7.3,7.35,85706.8,63228000.0,7.42,7.5,7.591999999999996,7.66,7.52,40.8,-0.1,-0.08,-0.02,巨化股份,化学原料和化学制品制造业,主板,7.412499999999997,7.479999999999986,7.490833333333331,7.503750000000002,7.589787234042555
600160,2018-09-07,7.37,7.43,7.5,7.33,7.35,107778.0,79995400.0,7.42,7.49,7.563999999999996,7.64,7.52,44.18,-0.09,-0.08,-0.01,巨化股份,化学原料和化学制品制造业,主板,7.412499999999996,7.4512499999999875,7.494166666666664,7.488750000000002,7.59744680851064
600160,2018-09-10,7.42,7.18,7.42,7.11,7.43,171691.0,123883000.0,7.37,7.44,7.517999999999996,7.62,7.5,37.06,-0.1,-0.08,-0.02,巨化股份,化学原料和化学制品制造业,主板,7.327499999999996,7.404999999999989,7.467499999999997,7.4700000000000015,7.605531914893619
600160,2018-09-11,7.16,7.18,7.24,7.12,7.18,84410.7,60548600.0,7.3,7.4,7.479499999999997,7.59,7.51,37.06,-0.12,-0.09,-0.03,巨化股份,化学原料和化学制品制造业,主板,7.284999999999995,7.359999999999988,7.439166666666664,7.451250000000001,7.609787234042555
600160,2018-09-12,7.18,7.09,7.18,7.01,7.18,81817.3,58264400.0,7.25,7.35,7.446999999999997,7.57,7.5,34.72,-0.14,-0.1,-0.04,巨化股份,化学原料和化学制品制造业,主板,7.2199999999999935,7.316249999999988,7.393333333333331,7.423125000000001,7.60872340425532
600160,2018-09-13,7.16,7.18,7.2,7.08,7.09,76008.1,54339400.0,7.21,7.32,7.422499999999998,7.55,7.51,38.87,-0.14,-0.11,-0.03,巨化股份,化学原料和化学制品制造业,主板,7.1574999999999935,7.284999999999987,7.353333333333332,7.410000000000001,7.60744680851064
600160,2018-09-14,7.18,7.09,7.23,7.09,7.18,70270.1,50289000.0,7.14,7.28,7.402999999999999,7.52,7.51,36.38,-0.15,-0.12,-0.03,巨化股份,化学原料和化学制品制造业,主板,7.134999999999993,7.231249999999987,7.314999999999999,7.384375000000001,7.600425531914894
600160,2018-09-17,7.06,7.0,7.1,6.98,7.09,83570.0,58710900.0,7.11,7.24,7.379,7.51,7.5,34.03,-0.16,-0.13,-0.03,巨化股份,化学原料和化学制品制造业,主板,7.089999999999993,7.187499999999987,7.269999999999999,7.3518750000000015,7.589574468085107
600160,2018-09-18,7.0,7.15,7.18,6.98,7.0,89147.7,63247200.0,7.1,7.2,7.3595,7.49,7.5,40.88,-0.15,-0.13,-0.02,巨化股份,化学原料和化学制品制造业,主板,7.104999999999992,7.162499999999986,7.245833333333333,7.321250000000002,7.582127659574469
600160,2018-09-19,7.13,7.2,7.26,7.11,7.15,134153.0,96519100.0,7.12,7.18,7.35,7.47,7.5,43.01,-0.15,-0.13,-0.02,巨化股份,化学原料和化学制品制造业,主板,7.109999999999992,7.133749999999986,7.226666666666667,7.292500000000002,7.578297872340426
600160,2018-09-20,7.2,7.16,7.25,7.15,7.2,73980.7,53210800.0,7.12,7.17,7.333,7.45,7.5,41.72,-0.15,-0.14,-0.01,巨化股份,化学原料和化学制品制造业,主板,7.1274999999999915,7.131249999999986,7.196666666666666,7.268125000000002,7.5727659574468085
600160,2018-09-21,7.19,7.3,7.35,7.16,7.16,145651.0,105788000.0,7.16,7.15,7.322,7.43,7.5,47.64,-0.12,-0.13,0.01,巨化股份,化学原料和化学制品制造业,主板,7.202499999999992,7.146249999999987,7.1925,7.253125000000002,7.56808510638298
600160,2018-09-25,7.25,7.22,7.32,7.22,7.3,87466.9,63495800.0,7.21,7.16,7.301,7.4,7.5,44.84,-0.11,-0.13,0.02,巨化股份,化学原料和化学制品制造业,主板,7.219999999999992,7.162499999999987,7.1816666666666675,7.239375000000002,7.559361702127661
600160,2018-09-26,7.26,7.26,7.34,7.24,7.22,109830.0,80113200.0,7.23,7.17,7.281000000000001,7.37,7.5,46.53,-0.11,-0.13,0.02,巨化股份,化学原料和化学制品制造业,主板,7.234999999999991,7.172499999999988,7.167500000000001,7.228750000000002,7.547659574468087
600160,2018-09-27,7.28,7.19,7.32,7.17,7.26,100323.0,72651800.0,7.23,7.18,7.263,7.36,7.5,43.98,-0.09,-0.12,0.03,巨化股份,化学原料和化学制品制造业,主板,7.242499999999992,7.184999999999988,7.168333333333334,7.208125000000002,7.532127659574469
600160,2018-09-28,7.23,7.33,7.36,7.21,7.19,137607.0,100416000.0,7.26,7.19,7.2525,7.34,7.51,49.89,-0.09,-0.11,0.02,巨化股份,化学原料和化学制品制造业,主板,7.249999999999992,7.226249999999988,7.180833333333335,7.206875000000002,7.520638297872341
600160,2018-10-08,7.24,7.13,7.27,7.1,7.33,166504.0,119552000.0,7.23,7.19,7.237,7.33,7.52,42.93,-0.09,-0.11,0.02,巨化股份,化学原料和化学制品制造业,主板,7.227499999999992,7.2237499999999875,7.184166666666667,7.193125000000002,7.50340425531915
600160,2018-10-09,7.18,7.19,7.27,7.12,7.13,156518.0,112727000.0,7.22,7.21,7.225,7.32,7.52,45.39,-0.08,-0.1,0.02,巨化股份,化学原料和化学制品制造业,主板,7.209999999999992,7.222499999999988,7.185,7.178125000000001,7.489148936170213
600160,2018-10-10,7.22,7.19,7.25,7.12,7.19,109148.0,78535700.0,7.21,7.22,7.208499999999999,7.31,7.52,45.39,-0.08,-0.1,0.02,巨化股份,化学原料和化学制品制造业,主板,7.209999999999991,7.226249999999988,7.1933333333333325,7.178750000000001,7.473191489361702
600160,2018-10-11,6.94,6.47,7.04,6.47,7.19,335930.0,225100000.0,7.06,7.14,7.164499999999999,7.28,7.5,28.36,-0.13,-0.1,-0.03,巨化股份,化学原料和化学制品制造业,主板,6.994999999999992,7.122499999999988,7.149166666666666,7.134375,7.44404255319149
600160,2018-10-12,6.4,6.55,6.6,6.27,6.47,209682.0,135311000.0,6.91,7.08,7.1245,7.25,7.48,31.43,-0.16,-0.12,-0.04,巨化股份,化学原料和化学制品制造业,主板,6.849999999999992,7.038749999999988,7.099166666666665,7.100625,7.415106382978724
600160,2018-10-15,6.57,6.63,6.75,6.56,6.55,164653.0,109837000.0,6.81,7.02,7.0845,7.22,7.47,34.47,-0.18,-0.13,-0.05,巨化股份,化学原料和化学制品制造业,主板,6.709999999999991,6.959999999999988,7.051666666666665,7.06625,7.391489361702129
600160,2018-10-16,6.63,6.49,6.74,6.43,6.63,147945.0,97662200.0,6.67,6.94,7.05,7.18,7.45,31.82,-0.21,-0.14,-0.07,巨化股份,化学原料和化学制品制造业,主板,6.53499999999999,6.872499999999989,6.995833333333331,7.02875,7.36276595744681
600160,2018-10-17,6.69,6.5,6.69,6.26,6.49,181094.0,117072000.0,6.53,6.87,7.016,7.14,7.44,32.22,-0.22,-0.16,-0.06,巨化股份,化学原料和化学制品制造业,主板,6.54249999999999,6.768749999999989,6.9291666666666645,6.9975,7.33404255319149
600160,2018-10-18,6.48,6.33,6.49,6.29,6.5,115911.0,73780100.0,6.5,6.78,6.978,7.1,7.42,29.08,-0.25,-0.18,-0.07,巨化股份,化学原料和化学制品制造业,主板,6.487499999999989,6.668749999999989,6.854999999999998,6.946249999999999,7.312978723404256
600160,2018-10-19,6.27,6.48,6.49,6.27,6.33,151893.0,97041600.0,6.49,6.7,6.943,7.07,7.4,35.08,-0.25,-0.19,-0.06,巨化股份,化学原料和化学制品制造业,主板,6.4499999999999895,6.579999999999989,6.789999999999998,6.901249999999999,7.284255319148937
600160,2018-10-22,6.54,6.76,6.88,6.52,6.48,227333.0,152558000.0,6.51,6.66,6.926499999999999,7.04,7.38,44.52,-0.22,-0.2,-0.02,巨化股份,化学原料和化学制品制造业,主板,6.517499999999989,6.5262499999999894,6.7541666666666655,6.87625,7.263829787234044
600160,2018-10-23,6.76,6.65,6.81,6.61,6.76,165177.0,110898000.0,6.54,6.6,6.908999999999999,7.02,7.36,41.94,-0.21,-0.2,-0.01,巨化股份,化学原料和化学制品制造业,主板,6.554999999999989,6.548749999999989,6.697499999999999,6.835625,7.237659574468085
600160,2018-10-24,6.63,6.71,6.79,6.62,6.65,116705.0,78356500.0,6.59,6.56,6.886999999999999,6.99,7.34,43.85,-0.2,-0.2,0.0,巨化股份,化学原料和化学制品制造业,主板,6.64999999999999,6.56874999999999,6.662499999999999,6.80375,7.210425531914893
600160,2018-10-25,6.48,6.67,6.7,6.35,6.71,133104.0,87062700.0,6.65,6.58,6.860499999999999,6.97,7.32,42.84,-0.19,-0.2,0.01,巨化股份,化学原料和化学制品制造业,主板,6.69749999999999,6.57374999999999,6.619166666666666,6.766875,7.18
600160,2018-10-26,6.73,6.77,6.88,6.67,6.67,177831.0,120547000.0,6.71,6.6,6.840999999999999,6.95,7.3,46.18,-0.17,-0.19,0.02,巨化股份,化学原料和化学制品制造业,主板,6.69999999999999,6.608749999999989,6.584166666666666,6.740625,7.154893617021276
600160,2018-10-29,6.77,6.78,6.91,6.73,6.77,161648.0,110277000.0,6.72,6.61,6.8149999999999995,6.93,7.28,46.52,-0.15,-0.18,0.03,巨化股份,化学原料和化学制品制造业,主板,6.732499999999991,6.643749999999989,6.609999999999999,6.70625,7.1344680851063815
600160,2018-10-30,6.8,7.02,7.08,6.8,6.78,273939.0,191383000.0,6.79,6.67,6.805,6.92,7.27,53.97,-0.11,-0.17,0.06,巨化股份,化学原料和化学制品制造业,主板,6.80999999999999,6.72999999999999,6.649166666666666,6.699375,7.120638297872338
600160,2018-10-31,7.05,7.05,7.1,6.96,7.02,214309.0,150745000.0,6.86,6.72,6.794500000000001,6.92,7.26,54.82,-0.09,-0.15,0.06,巨化股份,化学原料和化学制品制造业,主板,6.904999999999989,6.801249999999989,6.684166666666666,6.690625,7.111489361702126
600160,2018-11-01,7.09,7.02,7.16,7.02,7.05,217450.0,154422000.0,6.93,6.79,6.786000000000001,6.92,7.24,53.75,-0.06,-0.13,0.07,巨化股份,化学原料和化学制品制造业,主板,6.96749999999999,6.833749999999989,6.728333333333333,6.68,7.101702127659571
600160,2018-11-02,7.14,7.21,7.25,7.09,7.02,232793.0,166679000.0,7.02,6.86,6.780000000000001,6.92,7.23,59.16,-0.03,-0.11,0.08,巨化股份,化学原料和化学制品制造业,主板,7.074999999999989,6.903749999999989,6.787499999999999,6.726249999999999,7.094680851063826
600160,2018-11-05,7.2,7.33,7.34,7.16,7.21,202519.0,146561000.0,7.13,6.92,6.790000000000002,6.92,7.22,62.17,0.01,-0.09,0.1,巨化股份,化学原料和化学制品制造业,主板,7.152499999999988,6.981249999999989,6.870833333333333,6.7749999999999995,7.093404255319145
600160,2018-11-06,7.31,7.25,7.34,7.19,7.33,126511.0,91758500.0,7.17,6.98,6.793000000000002,6.93,7.22,59.05,0.03,-0.07,0.1,巨化股份,化学原料和化学制品制造业,主板,7.202499999999989,7.053749999999988,6.934999999999999,6.81375,7.088085106382975
600160,2018-11-07,7.27,7.29,7.45,7.25,7.25,180799.0,132888000.0,7.22,7.04,6.798000000000002,6.94,7.21,60.13,0.05,-0.04,0.09,巨化股份,化学原料和化学制品制造业,主板,7.26999999999999,7.118749999999988,6.979166666666665,6.8637500000000005,7.083191489361699
600160,2018-11-08,7.37,7.19,7.39,7.18,7.29,114233.0,82930700.0,7.25,7.09,6.834000000000001,6.94,7.21,56.14,0.05,-0.02,0.07,巨化股份,化学原料和化学制品制造业,主板,7.26499999999999,7.1699999999999875,7.024166666666665,6.906875,7.0736170212765925
600160,2018-11-09,7.14,7.25,7.32,7.14,7.19,112588.0,81658800.0,7.26,7.14,6.8690000000000015,6.94,7.2,57.94,0.07,0.0,0.07,巨化股份,化学原料和化学制品制造业,主板,7.24499999999999,7.198749999999988,7.069166666666665,6.964375,7.064893617021273
600160,2018-11-12,7.25,7.36,7.37,7.21,7.25,123071.0,90132200.0,7.27,7.2,6.905500000000002,6.94,7.18,61.1,0.08,0.01,0.07,巨化股份,化学原料和化学制品制造业,主板,7.27249999999999,7.237499999999988,7.126666666666665,7.019375,7.060851063829784
600160,2018-11-13,7.27,7.41,7.46,7.25,7.36,188223.0,138962000.0,7.3,7.24,6.951500000000001,6.95,7.17,62.48,0.1,0.03,0.07,巨化股份,化学原料和化学制品制造业,主板,7.3024999999999896,7.286249999999988,7.179999999999999,7.06,7.0580851063829755
600160,2018-11-14,7.41,7.37,7.44,7.32,7.41,135568.0,99981000.0,7.32,7.27,6.995000000000002,6.95,7.16,60.63,0.11,0.05,0.06,巨化股份,化学原料和化学制品制造业,主板,7.347499999999989,7.306249999999989,7.229166666666665,7.1049999999999995,7.056595744680848
600160,2018-11-15,7.33,7.41,7.43,7.31,7.37,127843.0,94257900.0,7.36,7.31,7.049000000000001,6.96,7.16,61.84,0.11,0.06,0.05,巨化股份,化学原料和化学制品制造业,主板,7.387499999999989,7.3162499999999895,7.261666666666666,7.14875,7.056170212765955
600160,2018-11-16,7.39,7.38,7.47,7.34,7.41,186756.0,138122000.0,7.39,7.32,7.094000000000001,6.96,7.15,60.34,0.11,0.07,0.04,巨化股份,化学原料和化学制品制造业,主板,7.392499999999989,7.332499999999989,7.289166666666666,7.193124999999999,7.0531914893617
600160,2018-11-19,7.38,7.48,7.52,7.37,7.38,195648.0,145898000.0,7.41,7.34,7.130000000000001,6.97,7.15,63.52,0.13,0.08,0.05,巨化股份,化学原料和化学制品制造业,主板,7.409999999999989,7.3562499999999895,7.3275,7.2375,7.055957446808508
600160,2018-11-20,7.42,7.17,7.47,7.17,7.48,177538.0,129864000.0,7.36,7.33,7.156000000000001,6.97,7.15,50.09,0.11,0.09,0.02,巨化股份,化学原料和化学制品制造业,主板,7.359999999999988,7.353749999999989,7.324166666666667,7.261875,7.052127659574466
600160,2018-11-21,7.09,7.26,7.26,7.06,7.17,137699.0,98908300.0,7.34,7.33,7.1834999999999996,6.97,7.14,53.18,0.09,0.09,0.0,巨化股份,化学原料和化学制品制造业,主板,7.322499999999988,7.35499999999999,7.318333333333334,7.276875,7.048510638297869
600160,2018-11-22,7.26,7.24,7.33,7.21,7.26,113086.0,82150600.0,7.31,7.33,7.212000000000001,7.0,7.14,52.4,0.09,0.09,0.0,巨化股份,化学原料和化学制品制造业,主板,7.287499999999988,7.339999999999989,7.3175,7.28875,7.04978723404255
600160,2018-11-23,7.26,6.88,7.26,6.84,7.24,181528.0,126983000.0,7.21,7.3,7.217499999999999,7.01,7.13,40.83,0.05,0.08,-0.03,巨化股份,化学原料和化学制品制造业,主板,7.137499999999988,7.273749999999989,7.283333333333332,7.28,7.043404255319146
600160,2018-11-26,6.88,6.87,6.92,6.8,6.88,90561.3,62290800.0,7.08,7.25,7.2219999999999995,7.02,7.12,40.56,0.02,0.07,-0.05,巨化股份,化学原料和化学制品制造业,主板,7.062499999999988,7.21124999999999,7.256666666666667,7.258750000000001,7.038723404255316
600160,2018-11-27,6.92,6.8,6.96,6.77,6.87,100675.0,68988600.0,7.01,7.19,7.211,7.03,7.11,38.65,-0.01,0.05,-0.06,巨化股份,化学原料和化学制品制造业,主板,6.947499999999987,7.134999999999991,7.219166666666666,7.225625000000001,7.030638297872338
600160,2018-11-28,6.83,6.93,6.95,6.82,6.8,104797.0,72239400.0,6.94,7.14,7.205,7.04,7.09,43.93,-0.02,0.04,-0.06,巨化股份,化学原料和化学制品制造业,主板,6.869999999999987,7.078749999999991,7.183333333333334,7.205625000000001,7.027234042553189
600160,2018-11-29,6.97,6.92,7.05,6.9,6.93,141214.0,98498400.0,6.88,7.09,7.199999999999998,7.06,7.08,43.62,-0.04,0.02,-0.06,巨化股份,化学原料和化学制品制造业,主板,6.8799999999999875,7.008749999999992,7.142500000000001,7.182500000000001,7.025531914893616
600160,2018-11-30,6.92,6.99,7.01,6.82,6.92,95684.8,66234100.0,6.9,7.05,7.188999999999998,7.08,7.07,46.48,-0.04,0.01,-0.05,巨化股份,化学原料和化学制品制造业,主板,6.909999999999987,6.986249999999992,7.110833333333333,7.170000000000001,7.022127659574467
600160,2018-12-03,7.19,7.14,7.24,7.07,6.99,173799.0,124574000.0,6.96,7.02,7.179499999999997,7.09,7.07,52.09,-0.02,0.0,-0.02,巨化股份,化学原料和化学制品制造业,主板,6.994999999999986,6.971249999999992,7.088333333333334,7.163125000000001,7.020851063829786
600160,2018-12-04,7.17,7.24,7.27,7.13,7.14,163073.0,117465000.0,7.04,7.03,7.178999999999998,7.11,7.07,55.44,-0.01,0.0,-0.01,巨化股份,化学原料和化学制品制造业,主板,7.072499999999986,6.971249999999992,7.076666666666667,7.155625000000001,7.022553191489361
600160,2018-12-05,7.13,7.15,7.21,7.1,7.24,113690.0,81311800.0,7.09,7.02,7.171999999999999,7.13,7.06,51.92,0.0,0.0,0.0,巨化股份,化学原料和化学制品制造业,主板,7.129999999999985,7.004999999999992,7.049166666666667,7.139375000000001,7.019361702127657
600160,2018-12-06,7.11,7.01,7.16,7.01,7.15,108970.0,77033100.0,7.11,6.99,7.1629999999999985,7.14,7.05,46.93,-0.01,0.0,-0.01,巨化股份,化学原料和化学制品制造业,主板,7.134999999999984,7.022499999999992,7.035833333333334,7.116875000000001,7.014893617021274
600160,2018-12-07,7.08,7.04,7.1,7.01,7.01,51586.8,36418700.0,7.12,7.01,7.152499999999998,7.15,7.05,48.08,-0.01,0.0,-0.01,巨化股份,化学原料和化学制品制造业,主板,7.1099999999999834,7.052499999999992,7.017500000000001,7.093750000000002,7.010212765957445
600160,2018-12-10,7.02,6.96,7.08,6.93,7.04,70295.5,49316100.0,7.08,7.02,7.132499999999998,7.15,7.04,45.26,-0.02,-0.01,-0.01,巨化股份,化学原料和化学制品制造业,主板,7.039999999999983,7.056249999999992,6.9941666666666675,7.067500000000002,7.0053191489361675
600160,2018-12-11,7.01,7.13,7.14,6.96,6.96,90027.9,63806600.0,7.06,7.05,7.118499999999997,7.16,7.04,51.74,-0.01,-0.01,0.0,巨化股份,化学原料和化学制品制造业,主板,7.034999999999984,7.0824999999999925,7.015000000000001,7.045625000000001,7.001063829787232
600160,2018-12-12,7.14,7.09,7.15,7.05,7.13,69242.1,49159200.0,7.05,7.07,7.104499999999997,7.16,7.04,50.23,-0.01,-0.01,0.0,巨化股份,化学原料和化学制品制造业,主板,7.054999999999984,7.094999999999993,7.033333333333334,7.040625000000001,7.0002127659574445
600160,2018-12-13,7.14,7.16,7.22,7.09,7.09,132278.0,94772400.0,7.08,7.09,7.091999999999997,7.16,7.04,52.82,0.0,-0.01,0.01,巨化股份,化学原料和化学制品制造业,主板,7.084999999999985,7.097499999999993,7.0633333333333335,7.034375000000001,6.999574468085104
600160,2018-12-14,7.15,7.08,7.2,7.06,7.16,104152.0,74446400.0,7.08,7.1,7.076999999999998,7.16,7.04,49.64,-0.01,-0.01,0.0,巨化股份,化学原料和化学制品制造业,主板,7.114999999999984,7.077499999999993,7.075833333333333,7.024375000000001,6.997234042553189
600160,2018-12-17,7.08,7.3,7.34,7.05,7.08,210959.0,152630000.0,7.15,7.12,7.068,7.16,7.04,57.26,0.02,0.0,0.02,巨化股份,化学原料和化学制品制造业,主板,7.157499999999984,7.096249999999992,7.107499999999999,7.050625000000001,7.014893617021274
600160,2018-12-18,7.26,7.12,7.33,7.07,7.3,202098.0,145196000.0,7.15,7.1,7.0655,7.15,7.04,50.53,0.01,0.0,0.01,巨化股份,化学原料和化学制品制造业,主板,7.164999999999984,7.109999999999992,7.118333333333333,7.066250000000001,7.027021276595742
600160,2018-12-19,7.14,7.09,7.18,7.08,7.12,87933.2,62690900.0,7.15,7.1,7.057,7.15,7.04,49.48,0.01,0.0,0.01,巨化股份,化学原料和化学制品制造业,主板,7.147499999999984,7.116249999999993,7.114166666666667,7.084375000000001,7.036808510638295
600160,2018-12-20,7.06,7.04,7.13,6.94,7.09,148402.0,104243000.0,7.13,7.1,7.047,7.14,7.04,47.71,0.0,0.0,0.0,巨化股份,化学原料和化学制品制造业,主板,7.137499999999985,7.126249999999993,7.097500000000001,7.091250000000002,7.048510638297869
600160,2018-12-21,7.0,6.91,7.02,6.88,7.04,102253.0,70866500.0,7.09,7.09,7.0485,7.13,7.04,43.37,-0.02,0.0,-0.02,巨化股份,化学原料和化学制品制造业,主板,7.039999999999984,7.098749999999993,7.077500000000001,7.090625000000002,7.057234042553189
600160,2018-12-24,6.91,6.91,6.98,6.84,6.91,105863.0,73125100.0,7.01,7.08,7.0504999999999995,7.12,7.03,43.37,-0.02,-0.01,-0.01,巨化股份,化学原料和化学制品制造业,主板,6.987499999999984,7.076249999999993,7.069166666666667,7.085625000000002,7.069574468085105
600160,2018-12-25,6.87,6.68,6.88,6.51,6.91,207708.0,138484000.0,6.93,7.04,7.044499999999999,7.09,7.02,36.54,-0.05,-0.01,-0.04,巨化股份,化学原料和化学制品制造业,主板,6.884999999999985,7.016249999999992,7.039166666666666,7.0568750000000025,7.0738297872340405
600160,2018-12-26,6.69,6.63,6.73,6.61,6.68,81126.7,54010300.0,6.83,6.99,7.029499999999999,7.07,7.01,35.24,-0.07,-0.03,-0.04,巨化股份,化学原料和化学制品制造业,主板,6.782499999999985,6.959999999999993,7.011666666666666,7.0187500000000025,7.071063829787232
600160,2018-12-27,6.73,6.57,6.78,6.56,6.63,121483.0,81177800.0,6.74,6.93,7.011999999999999,7.04,7.0,33.69,-0.1,-0.04,-0.06,巨化股份,化学原料和化学制品制造业,主板,6.697499999999985,6.868749999999993,6.964999999999999,6.982500000000002,7.069361702127658
600160,2018-12-28,6.59,6.63,6.73,6.56,6.57,99653.7,66251800.0,6.68,6.89,6.993999999999998,7.01,6.99,36.69,-0.11,-0.05,-0.06,巨化股份,化学原料和化学制品制造业,主板,6.627499999999984,6.807499999999994,6.926666666666665,6.958750000000001,7.067659574468084
600160,2019-01-02,6.72,6.61,6.73,6.57,6.63,69287.5,45943000.0,6.62,6.82,6.967499999999999,6.98,6.98,36.1,-0.12,-0.07,-0.05,巨化股份,化学原料和化学制品制造业,主板,6.609999999999985,6.747499999999993,6.880833333333332,6.931875000000001,7.066382978723403
600160,2019-01-03,6.6,6.52,6.66,6.48,6.61,105655.0,69208900.0,6.59,6.76,6.9315,6.96,6.97,33.51,-0.14,-0.08,-0.06,巨化股份,化学原料和化学制品制造业,主板,6.5824999999999845,6.682499999999993,6.834166666666665,6.904375000000001,7.061063829787233
600160,2019-01-04,6.45,6.64,6.66,6.42,6.52,149465.0,97872400.0,6.59,6.71,6.905999999999999,6.94,6.96,39.72,-0.14,-0.09,-0.05,巨化股份,化学原料和化学制品制造业,主板,6.599999999999984,6.648749999999993,6.779166666666665,6.873750000000001,7.058085106382978
600160,2019-01-07,6.68,6.71,6.75,6.64,6.64,136812.0,91650300.0,6.62,6.68,6.891,6.92,6.96,43.06,-0.13,-0.1,-0.03,巨化股份,化学原料和化学制品制造业,主板,6.619999999999984,6.623749999999992,6.744999999999997,6.8500000000000005,7.051489361702127
600160,2019-01-08,6.72,6.7,6.73,6.67,6.71,77691.6,52048500.0,6.64,6.66,6.874,6.92,6.97,42.7,-0.12,-0.1,-0.02,巨化股份,化学原料和化学制品制造业,主板,6.642499999999984,6.626249999999993,6.712499999999998,6.821250000000001,7.044042553191488
600160,2019-01-09,6.73,6.71,6.84,6.69,6.7,140856.0,95358300.0,6.66,6.64,6.8614999999999995,6.91,6.97,43.22,-0.11,-0.11,0.0,巨化股份,化学原料和化学制品制造业,主板,6.689999999999984,6.636249999999992,6.684999999999996,6.798125000000001,7.037446808510637
600160,2019-01-10,6.72,6.69,6.76,6.67,6.71,79510.6,53393500.0,6.69,6.64,6.839499999999999,6.91,6.97,42.39,-0.11,-0.11,0.0,巨化股份,化学原料和化学制品制造业,主板,6.702499999999985,6.651249999999992,6.666666666666663,6.760000000000001,7.026382978723404
600160,2019-01-11,6.68,6.73,6.75,6.65,6.69,82062.6,54988800.0,6.71,6.65,6.821499999999999,6.9,6.97,44.67,-0.1,-0.11,0.01,巨化股份,化学原料和化学制品制造业,主板,6.707499999999984,6.663749999999992,6.651666666666664,6.735625000000001,7.013617021276596
600160,2019-01-14,6.72,6.62,6.76,6.6,6.73,100328.0,66899200.0,6.69,6.66,6.794499999999999,6.89,6.98,39.99,-0.1,-0.1,0.0,巨化股份,化学原料和化学制品制造业,主板,6.687499999999983,6.664999999999992,6.646666666666664,6.706250000000001,7.000212765957446
600160,2019-01-15,6.62,6.7,6.7,6.59,6.62,96978.3,64500200.0,6.69,6.66,6.775499999999998,6.88,6.98,44.54,-0.09,-0.1,0.01,巨化股份,化学原料和化学制品制造业,主板,6.684999999999983,6.687499999999993,6.652499999999997,6.6850000000000005,6.9876595744680845
600160,2019-01-16,6.72,6.7,6.73,6.67,6.7,82099.2,55026300.0,6.69,6.67,6.745499999999997,6.87,6.98,44.54,-0.08,-0.1,0.02,巨化股份,化学原料和化学制品制造业,主板,6.687499999999983,6.694999999999993,6.663333333333331,6.671875000000001,6.9772340425531905
600160,2019-01-17,6.7,6.64,6.71,6.62,6.7,72338.7,48232500.0,6.68,6.68,6.721499999999996,6.85,6.98,41.78,-0.08,-0.09,0.01,巨化股份,化学原料和化学制品制造业,主板,6.664999999999982,6.686249999999993,6.664166666666666,6.655000000000001,6.9642553191489345
600160,2019-01-18,6.63,6.78,6.83,6.63,6.64,146915.0,99013400.0,6.69,6.7,6.705999999999996,6.84,6.98,49.61,-0.07,-0.09,0.02,巨化股份,化学原料和化学制品制造业,主板,6.704999999999981,6.696249999999993,6.678333333333332,6.661250000000001,6.951914893617019
600160,2019-01-21,6.81,6.88,6.92,6.74,6.78,158139.0,108440000.0,6.74,6.72,6.697999999999996,6.83,6.99,54.33,-0.06,-0.08,0.02,巨化股份,化学原料和化学制品制造业,主板,6.749999999999981,6.717499999999993,6.708333333333332,6.676875000000001,6.940638297872337
600160,2019-01-22,6.88,6.85,6.94,6.83,6.88,181746.0,125157000.0,6.77,6.73,6.694999999999996,6.83,6.99,52.74,-0.04,-0.07,0.03,巨化股份,化学原料和化学制品制造业,主板,6.787499999999981,6.737499999999994,6.725833333333331,6.694375000000001,6.929574468085104
600160,2019-01-23,6.89,7.08,7.1,6.89,6.85,238183.0,167591000.0,6.85,6.77,6.7034999999999965,6.83,6.99,61.96,-0.02,-0.06,0.04,巨化股份,化学原料和化学制品制造业,主板,6.897499999999981,6.781249999999993,6.756666666666665,6.722500000000001,6.922553191489358
600160,2019-01-24,7.08,7.08,7.14,7.03,7.08,179701.0,127303000.0,6.93,6.81,6.723499999999997,6.83,6.99,61.96,0.02,-0.05,0.07,巨化股份,化学原料和化学制品制造业,主板,6.972499999999981,6.838749999999993,6.788333333333331,6.751875000000001,6.9161702127659535
600160,2019-01-25,7.08,7.18,7.3,7.05,7.08,229810.0,165749000.0,7.01,6.85,6.750999999999998,6.83,7.0,65.37,0.04,-0.03,0.07,巨化股份,化学原料和化学制品制造业,主板,7.047499999999981,6.898749999999993,6.8275,6.793125000000001,6.9097872340425495
600160,2019-01-28,7.26,7.19,7.33,7.14,7.18,166047.0,120063000.0,7.08,6.91,6.781999999999998,6.83,7.0,65.7,0.06,-0.01,0.07,巨化股份,化学原料和化学制品制造业,主板,7.132499999999981,6.959999999999992,6.869166666666666,6.827500000000001,6.910212765957443
600160,2019-01-29,7.19,7.14,7.28,7.04,7.19,175939.0,125338000.0,7.13,6.95,6.807499999999997,6.83,7.0,62.49,0.07,0.0,0.07,巨化股份,化学原料和化学制品制造业,主板,7.147499999999981,7.022499999999992,6.903333333333332,6.854375000000001,6.907659574468081
600160,2019-01-30,7.16,7.07,7.23,7.06,7.14,146299.0,104372000.0,7.13,6.99,6.830499999999996,6.83,6.99,58.19,0.07,0.02,0.05,巨化股份,化学原料和化学制品制造业,主板,7.144999999999982,7.058749999999992,6.940833333333333,6.8775,6.904042553191485
600160,2019-01-31,7.11,7.11,7.24,7.08,7.07,153486.0,109817000.0,7.14,7.04,6.859999999999997,6.83,6.99,59.89,0.08,0.03,0.05,巨化股份,化学原料和化学制品制造业,主板,7.127499999999982,7.0874999999999915,6.974999999999999,6.902500000000001,6.908936170212762
600160,2019-02-01,7.19,7.21,7.22,7.12,7.11,158809.0,114055000.0,7.14,7.08,6.888499999999998,6.83,6.99,63.84,0.09,0.04,0.05,巨化股份,化学原料和化学制品制造业,主板,7.132499999999982,7.132499999999991,7.017499999999998,6.9350000000000005,6.916170212765953
600160,2019-02-11,7.26,7.41,7.45,7.21,7.21,259251.0,190799000.0,7.19,7.13,6.923499999999997,6.84,6.99,70.17,0.1,0.05,0.05,巨化股份,化学原料和化学制品制造业,主板,7.1999999999999815,7.173749999999991,7.081666666666664,6.9775,6.9291489361702086
600160,2019-02-12,7.39,7.41,7.43,7.34,7.41,215323.0,158985000.0,7.24,7.19,6.958999999999998,6.86,7.0,70.17,0.12,0.07,0.05,巨化股份,化学原料和化学制品制造业,主板,7.284999999999981,7.214999999999991,7.1341666666666645,7.0268749999999995,6.9393617021276555
600160,2019-02-13,7.39,7.49,7.57,7.32,7.41,348150.0,259350000.0,7.33,7.23,6.9979999999999976,6.88,7.0,72.41,0.15,0.08,0.07,巨化股份,化学原料和化学制品制造业,主板,7.379999999999981,7.25374999999999,7.184999999999998,7.076249999999999,6.951489361702124
600160,2019-02-14,7.45,7.39,7.47,7.34,7.49,242278.0,179138000.0,7.38,7.26,7.032999999999997,6.9,7.0,65.76,0.15,0.1,0.05,巨化股份,化学原料和化学制品制造业,主板,7.424999999999981,7.27874999999999,7.229999999999998,7.119374999999999,6.9599999999999955
600160,2019-02-15,7.37,7.29,7.41,7.28,7.39,188302.0,138136000.0,7.4,7.27,7.060999999999997,6.92,7.0,59.84,0.15,0.11,0.04,巨化股份,化学原料和化学制品制造业,主板,7.394999999999981,7.2974999999999905,7.247499999999999,7.159999999999999,6.963191489361698
600160,2019-02-18,7.33,7.56,7.56,7.33,7.29,333203.0,248247000.0,7.43,7.31,7.107999999999997,6.96,7.0,68.17,0.16,0.12,0.04,巨化股份,化学原料和化学制品制造业,主板,7.432499999999981,7.358749999999991,7.287499999999999,7.208749999999999,6.969999999999996
600160,2019-02-19,7.56,7.43,7.57,7.36,7.56,272175.0,203168000.0,7.43,7.34,7.144499999999998,6.98,7.0,61.55,0.16,0.13,0.03,巨化股份,化学原料和化学制品制造业,主板,7.417499999999981,7.398749999999991,7.308333333333333,7.243124999999999,6.975957446808507
600160,2019-02-20,7.42,7.48,7.52,7.38,7.43,170028.0,126700000.0,7.43,7.38,7.183499999999998,7.01,7.0,63.04,0.16,0.13,0.03,巨化股份,化学原料和化学制品制造业,主板,7.43999999999998,7.432499999999991,7.3325,7.2825,6.9859574468085075
600160,2019-02-21,7.53,7.33,7.53,7.3,7.48,274897.0,204506000.0,7.42,7.4,7.217999999999999,7.04,7.0,56.04,0.14,0.13,0.01,巨化股份,化学原料和化学制品制造业,主板,7.44999999999998,7.422499999999992,7.348333333333333,7.298125,6.992127659574464
600160,2019-02-22,7.32,7.47,7.47,7.27,7.33,224917.0,165764000.0,7.45,7.43,7.2524999999999995,7.07,7.01,60.45,0.14,0.14,0.0,巨化股份,化学原料和化学制品制造业,主板,7.42749999999998,7.429999999999993,7.381666666666665,7.3225,7.002978723404253
600160,2019-02-25,7.49,7.81,7.84,7.48,7.47,576692.0,443265000.0,7.5,7.47,7.2989999999999995,7.1,7.01,68.68,0.17,0.14,0.03,巨化股份,化学原料和化学制品制造业,主板,7.5224999999999795,7.469999999999993,7.439999999999999,7.3618749999999995,7.017446808510636
600160,2019-02-26,7.81,7.78,7.98,7.71,7.81,469075.0,367865000.0,7.57,7.5,7.3454999999999995,7.14,7.03,67.35,0.19,0.15,0.04,巨化股份,化学原料和化学制品制造业,主板,7.59749999999998,7.518749999999992,7.4875,7.39875,7.032127659574465
600160,2019-02-27,7.81,7.72,7.89,7.66,7.78,305766.0,237244000.0,7.62,7.53,7.3774999999999995,7.17,7.04,64.65,0.2,0.16,0.04,巨化股份,化学原料和化学制品制造业,主板,7.694999999999981,7.572499999999992,7.513333333333333,7.435,7.0440425531914865
600160,2019-02-28,7.73,7.81,7.85,7.68,7.72,234803.0,182441000.0,7.72,7.57,7.413999999999999,7.21,7.06,66.8,0.2,0.17,0.03,巨化股份,化学原料和化学制品制造业,主板,7.779999999999982,7.603749999999991,7.546666666666667,7.481249999999999,7.0595744680851045
600160,2019-03-01,7.82,7.79,7.85,7.7,7.81,243022.0,188514000.0,7.78,7.62,7.444499999999998,7.25,7.08,65.84,0.21,0.18,0.03,巨化股份,化学原料和化学制品制造业,主板,7.774999999999982,7.648749999999992,7.571666666666668,7.52375,7.069999999999998
600160,2019-03-04,7.83,7.85,8.0,7.79,7.79,415374.0,328143000.0,7.79,7.65,7.477499999999997,7.29,7.09,67.35,0.22,0.19,0.03,巨化股份,化学原料和化学制品制造业,主板,7.792499999999981,7.694999999999991,7.61,7.56375,7.085531914893616
600160,2019-03-05,7.84,8.03,8.05,7.8,7.85,330802.0,263624000.0,7.84,7.71,7.5219999999999985,7.33,7.11,71.44,0.23,0.19,0.04,巨化股份,化学原料和化学制品制造业,主板,7.8699999999999815,7.782499999999992,7.671666666666667,7.602499999999999,7.105531914893615
600160,2019-03-06,8.05,8.04,8.12,7.93,8.03,367920.0,294332000.0,7.9,7.76,7.570499999999998,7.38,7.12,71.65,0.24,0.2,0.04,巨化股份,化学原料和化学制品制造业,主板,7.927499999999982,7.853749999999991,7.711666666666666,7.641874999999999,7.126808510638297
600160,2019-03-07,8.0,8.04,8.09,7.94,8.04,366443.0,293282000.0,7.95,7.83,7.616999999999997,7.42,7.14,71.65,0.24,0.21,0.03,巨化股份,化学原料和化学制品制造业,主板,7.9899999999999824,7.88249999999999,7.762499999999998,7.676249999999999,7.150851063829785
600160,2019-03-08,7.88,7.53,8.03,7.53,8.04,564756.0,438761000.0,7.9,7.84,7.632999999999997,7.45,7.14,49.77,0.2,0.21,-0.01,巨化股份,化学原料和化学制品制造业,主板,7.909999999999982,7.85124999999999,7.766666666666665,7.684999999999998,7.164042553191487
600160,2019-03-11,7.7,8.28,8.28,7.65,7.53,817746.0,658215000.0,7.98,7.89,7.676499999999997,7.5,7.16,66.14,0.23,0.21,0.02,巨化股份,化学原料和化学制品制造业,主板,7.972499999999982,7.92124999999999,7.845833333333331,7.746874999999997,7.198085106382975
600160,2019-03-12,8.35,8.27,8.55,8.11,8.28,736581.0,612382000.0,8.03,7.94,7.719499999999998,7.54,7.18,65.84,0.25,0.22,0.03,巨化股份,化学原料和化学制品制造业,主板,8.029999999999982,7.978749999999989,7.912499999999998,7.791249999999996,7.232978723404251
600160,2019-03-13,8.42,8.47,8.74,8.25,8.27,777531.0,658492000.0,8.12,8.01,7.768499999999998,7.59,7.21,68.95,0.28,0.23,0.05,巨化股份,化学原料和化学制品制造业,主板,8.137499999999982,8.063749999999988,7.967499999999998,7.856249999999996,7.273404255319146
600160,2019-03-14,8.34,8.26,8.44,8.15,8.47,402441.0,331907000.0,8.16,8.06,7.811999999999998,7.63,7.23,62.51,0.28,0.24,0.04,巨化股份,化学原料和化学制品制造业,主板,8.31999999999998,8.11499999999999,8.007499999999999,7.904999999999995,7.3080851063829755
600160,2019-03-15,8.32,8.36,8.58,8.27,8.26,452556.0,380683000.0,8.33,8.11,7.865499999999999,7.67,7.25,64.22,0.28,0.25,0.03,巨化股份,化学原料和化学制品制造业,主板,8.33999999999998,8.15624999999999,8.060833333333331,7.969374999999995,7.345319148936167
600160,2019-03-18,8.45,8.65,8.67,8.37,8.36,493792.0,422705000.0,8.4,8.19,7.919999999999999,7.72,7.27,68.69,0.31,0.26,0.05,巨化股份,化学原料和化学制品制造业,主板,8.434999999999981,8.232499999999991,8.130833333333332,8.043124999999995,7.3906382978723375
600160,2019-03-19,8.61,8.55,8.63,8.49,8.65,338206.0,288707000.0,8.46,8.25,7.975999999999999,7.76,7.3,65.65,0.32,0.27,0.05,巨化股份,化学原料和化学制品制造业,主板,8.45499999999998,8.29624999999999,8.194166666666664,8.089374999999995,7.431276595744678
600160,2019-03-20,8.57,8.42,8.6,8.27,8.55,349877.0,293938000.0,8.45,8.28,8.023,7.81,7.32,61.81,0.31,0.28,0.03,巨化股份,化学原料和化学制品制造业,主板,8.494999999999981,8.40749999999999,8.241666666666665,8.129374999999994,7.467659574468083
600160,2019-03-21,8.41,8.46,8.52,8.35,8.42,350311.0,295349000.0,8.49,8.32,8.0795,7.85,7.34,62.53,0.3,0.28,0.02,巨化股份,化学原料和化学制品制造业,主板,8.519999999999982,8.429999999999989,8.277499999999998,8.175624999999995,7.505106382978721
600160,2019-03-22,8.51,8.77,8.86,8.45,8.46,651807.0,564040000.0,8.57,8.45,8.144499999999999,7.9,7.37,67.66,0.31,0.29,0.02,巨化股份,化学原料和化学制品制造业,主板,8.549999999999981,8.492499999999989,8.338333333333331,8.235624999999995,7.548936170212764
600160,2019-03-25,8.6,8.52,8.75,8.5,8.77,427966.0,368292000.0,8.54,8.47,8.18,7.94,7.39,60.47,0.31,0.29,0.02,巨化股份,化学原料和化学制品制造业,主板,8.542499999999983,8.498749999999989,8.37833333333333,8.281249999999996,7.5878723404255295
600160,2019-03-26,8.55,8.25,8.59,8.21,8.52,379273.0,316640000.0,8.48,8.47,8.2035,7.97,7.41,53.82,0.28,0.29,-0.01,巨化股份,化学原料和化学制品制造业,主板,8.499999999999982,8.497499999999988,8.43833333333333,8.306249999999997,7.620212765957444
600160,2019-03-27,8.3,8.7,8.85,8.3,8.25,544965.0,468892000.0,8.54,8.49,8.2525,8.01,7.44,61.43,0.28,0.29,-0.01,巨化股份,化学原料和化学制品制造业,主板,8.559999999999983,8.539999999999988,8.473333333333331,8.348124999999996,7.66446808510638
600160,2019-03-28,8.62,8.36,8.63,8.33,8.7,350768.0,296765000.0,8.52,8.5,8.279999999999998,8.04,7.47,54.17,0.26,0.28,-0.02,巨化股份,化学原料和化学制品制造业,主板,8.457499999999982,8.503749999999988,8.480833333333331,8.368124999999997,7.69978723404255
600160,2019-03-29,8.4,8.62,8.73,8.3,8.36,500392.0,427552000.0,8.49,8.53,8.321499999999999,8.09,7.51,58.24,0.25,0.28,-0.03,巨化股份,化学原料和化学制品制造业,主板,8.48249999999998,8.512499999999989,8.49333333333333,8.404374999999998,7.740638297872338
600160,2019-04-01,8.72,9.02,9.05,8.62,8.62,804932.0,716674000.0,8.59,8.57,8.379999999999999,8.14,7.55,63.59,0.28,0.28,0.0,巨化股份,化学原料和化学制品制造业,主板,8.67499999999998,8.587499999999988,8.556666666666663,8.497499999999999,7.791276595744678
600160,2019-04-02,9.11,9.0,9.18,8.89,9.02,526772.0,474310000.0,8.74,8.61,8.4285,8.19,7.59,63.15,0.29,0.28,0.01,巨化股份,化学原料和化学制品制造业,主板,8.749999999999979,8.654999999999987,8.609999999999998,8.542499999999999,7.838510638297871
600160,2019-04-03,8.9,8.98,9.02,8.85,9.0,376947.0,336876000.0,8.8,8.67,8.4755,8.24,7.63,62.69,0.3,0.28,0.02,巨化股份,化学原料和化学制品制造业,主板,8.90499999999998,8.681249999999988,8.637499999999998,8.586874999999997,7.8831914893617006
600160,2019-04-04,9.07,9.44,9.78,9.06,8.98,1020470.0,957595000.0,9.01,8.77,8.5455,8.31,7.67,68.42,0.34,0.3,0.04,巨化股份,化学原料和化学制品制造业,主板,9.10999999999998,8.796249999999988,8.711666666666664,8.647499999999997,7.938297872340423
600160,2019-04-08,10.36,10.13,10.38,9.9,9.44,1480910.0,1509780000.0,9.31,8.9,8.6755,8.4,7.73,74.7,0.43,0.32,0.11,巨化股份,化学原料和化学制品制造业,主板,9.387499999999982,9.031249999999988,8.854166666666663,8.764374999999998,8.0031914893617
600160,2019-04-09,9.95,9.56,9.95,9.42,10.13,865530.0,832742000.0,9.42,9.01,8.7395,8.46,7.78,63.47,0.44,0.35,0.09,巨化股份,化学原料和化学制品制造业,主板,9.527499999999982,9.138749999999987,8.945833333333331,8.839374999999997,8.05595744680851
600160,2019-04-10,9.46,9.53,9.82,9.23,9.56,640601.0,607478000.0,9.53,9.13,8.802499999999998,8.51,7.83,62.94,0.45,0.37,0.08,巨化股份,化学原料和化学制品制造业,主板,9.664999999999981,9.284999999999988,9.009166666666664,8.894374999999997,8.105957446808508
600160,2019-04-11,9.5,9.21,9.5,9.15,9.53,415508.0,386953000.0,9.57,9.18,8.8395,8.56,7.87,57.37,0.42,0.38,0.04,巨化股份,化学原料和化学制品制造业,主板,9.607499999999982,9.358749999999986,9.066666666666665,8.935624999999996,8.148936170212764
600160,2019-04-12,9.2,9.21,9.34,9.1,9.21,248965.0,229433000.0,9.53,9.27,8.887,8.61,7.91,57.37,0.39,0.38,0.01,巨化股份,化学原料和化学制品制造业,主板,9.377499999999982,9.382499999999988,9.146666666666663,8.984999999999998,8.192978723404252
600160,2019-04-15,9.37,9.01,9.43,8.97,9.21,477401.0,438396000.0,9.3,9.31,8.9195,8.65,7.95,53.91,0.35,0.37,-0.02,巨化股份,化学原料和化学制品制造业,主板,9.23999999999998,9.383749999999988,9.172499999999998,9.019374999999997,8.234255319148934
600160,2019-04-16,8.99,9.14,9.18,8.85,9.01,367949.0,332399000.0,9.22,9.32,8.943999999999999,8.69,7.99,55.78,0.32,0.36,-0.04,巨化股份,化学原料和化学制品制造业,主板,9.14249999999998,9.403749999999988,9.237499999999997,9.042499999999995,8.277446808510636
600160,2019-04-17,9.15,9.19,9.33,9.13,9.14,373071.0,344715000.0,9.15,9.34,8.975999999999997,8.73,8.03,56.51,0.3,0.35,-0.05,巨化股份,化学原料和化学制品制造业,主板,9.13749999999998,9.372499999999988,9.284999999999997,9.084374999999994,8.319574468085104
600160,2019-04-18,9.19,9.25,9.29,9.07,9.19,320955.0,294592000.0,9.16,9.37,9.017499999999998,8.77,8.07,57.42,0.28,0.34,-0.06,巨化股份,化学原料和化学制品制造业,主板,9.14749999999998,9.262499999999989,9.304166666666664,9.146874999999994,8.358723404255317
600160,2019-04-19,9.6,9.48,9.69,9.37,9.25,615924.0,585550000.0,9.21,9.37,9.068499999999997,8.82,8.12,60.79,0.29,0.33,-0.04,巨化股份,化学原料和化学制品制造业,主板,9.264999999999981,9.252499999999989,9.344166666666665,9.195624999999994,8.402765957446805
600160,2019-04-22,9.55,9.22,9.58,9.16,9.48,384524.0,360534000.0,9.26,9.28,9.090999999999998,8.88,8.16,55.44,0.27,0.32,-0.05,巨化股份,化学原料和化学制品制造业,主板,9.28499999999998,9.213749999999989,9.364166666666664,9.249374999999993,8.439574468085103
600160,2019-04-23,9.22,9.08,9.26,9.03,9.22,282958.0,258424000.0,9.24,9.23,9.118999999999996,8.9,8.2,52.75,0.24,0.3,-0.06,巨化股份,化学原料和化学制品制造业,主板,9.25749999999998,9.197499999999987,9.334166666666663,9.278124999999994,8.475531914893613
600160,2019-04-24,9.16,9.19,9.19,8.95,9.08,262083.0,238507000.0,9.24,9.2,9.165999999999997,8.93,8.24,54.61,0.22,0.28,-0.06,巨化股份,化学原料和化学制品制造业,主板,9.24249999999998,9.194999999999986,9.25583333333333,9.288749999999993,8.515957446808507
600160,2019-04-25,9.18,8.88,9.18,8.75,9.19,448601.0,400727000.0,9.17,9.17,9.174999999999997,8.95,8.27,48.77,0.18,0.26,-0.08,巨化股份,化学原料和化学制品制造业,主板,9.09249999999998,9.178749999999985,9.199166666666663,9.281249999999993,8.544042553191485
600160,2019-04-26,8.7,8.3,8.7,8.28,8.88,589688.0,496217000.0,8.93,9.07,9.171999999999997,8.95,8.29,40.12,0.1,0.23,-0.13,巨化股份,化学原料和化学制品制造业,主板,8.86249999999998,9.073749999999984,9.096666666666662,9.238749999999994,8.562553191489359
600160,2019-04-29,8.3,8.07,8.35,7.99,8.3,343341.0,277914000.0,8.7,8.98,9.144499999999997,8.94,8.3,37.3,0.02,0.19,-0.17,巨化股份,化学原料和化学制品制造业,主板,8.60999999999998,8.933749999999986,9.001666666666663,9.153124999999994,8.575106382978719
600160,2019-04-30,8.02,8.06,8.14,8.0,8.07,204323.0,164943000.0,8.5,8.87,9.096499999999995,8.92,8.32,37.17,-0.05,0.14,-0.19,巨化股份,化学原料和化学制品制造业,主板,8.327499999999981,8.784999999999986,8.905833333333328,9.023749999999994,8.590638297872337
600160,2019-05-06,7.71,7.33,7.8,7.25,8.06,438992.0,331017000.0,8.13,8.69,9.012999999999996,8.88,8.32,29.54,-0.15,0.08,-0.23,巨化股份,化学原料和化学制品制造业,主板,7.93999999999998,8.516249999999985,8.765833333333328,8.884374999999995,8.58765957446808
600160,2019-05-07,7.39,7.34,7.45,7.19,7.33,273747.0,201104000.0,7.82,8.5,8.930999999999997,8.84,8.33,29.76,-0.25,0.02,-0.27,巨化股份,化学原料和化学制品制造业,主板,7.699999999999981,8.281249999999986,8.61583333333333,8.747499999999995,8.577659574468079
600160,2019-05-08,7.15,7.34,7.39,7.1,7.34,290501.0,211149000.0,7.63,8.28,8.825999999999997,8.81,8.33,29.76,-0.3,-0.05,-0.25,巨化股份,化学原料和化学制品制造业,主板,7.5174999999999805,8.063749999999986,8.461666666666662,8.630624999999995,8.56829787234042
600160,2019-05-09,7.3,7.27,7.38,7.25,7.34,193716.0,141625000.0,7.47,8.09,8.682999999999998,8.76,8.33,29.04,-0.35,-0.11,-0.24,巨化股份,化学原料和化学制品制造业,主板,7.319999999999979,7.823749999999986,8.296666666666662,8.509374999999995,8.558723404255312
600160,2019-05-10,7.34,7.51,7.52,7.19,7.27,334164.0,248027000.0,7.36,7.93,8.580499999999997,8.72,8.33,34.8,-0.37,-0.16,-0.21,巨化股份,化学原料和化学制品制造业,主板,7.364999999999979,7.6524999999999865,8.132499999999995,8.415624999999995,8.552340425531908
600160,2019-05-13,7.4,7.31,7.49,7.27,7.51,243436.0,179394000.0,7.35,7.74,8.469499999999998,8.69,8.33,32.44,-0.4,-0.21,-0.19,巨化股份,化学原料和化学制品制造业,主板,7.3574999999999795,7.528749999999986,7.973333333333329,8.301249999999996,8.542127659574462
600160,2019-05-14,7.21,7.31,7.4,7.2,7.31,195441.0,143064000.0,7.35,7.58,8.374499999999998,8.64,8.33,32.44,-0.41,-0.25,-0.16,巨化股份,化学原料和化学制品制造业,主板,7.349999999999979,7.4337499999999865,7.825833333333329,8.183749999999996,8.530638297872333
600160,2019-05-15,7.37,7.44,7.47,7.34,7.31,224586.0,166245000.0,7.37,7.5,8.285999999999998,8.61,8.33,35.73,-0.4,-0.28,-0.12,巨化股份,化学原料和化学制品制造业,主板,7.39249999999998,7.356249999999987,7.679999999999996,8.070624999999996,8.518085106382973
600160,2019-05-16,7.44,7.54,7.55,7.39,7.44,262770.0,196357000.0,7.42,7.44,8.212499999999997,8.58,8.33,38.22,-0.39,-0.3,-0.09,巨化股份,化学原料和化学制品制造业,主板,7.399999999999981,7.382499999999988,7.568333333333331,7.949374999999995,8.50744680851063
600160,2019-05-17,7.55,7.1,7.55,7.09,7.54,383648.0,279412000.0,7.34,7.35,8.110499999999996,8.51,8.32,32.29,-0.41,-0.32,-0.09,巨化股份,化学原料和化学制品制造业,主板,7.3474999999999815,7.352499999999987,7.46833333333333,7.816874999999996,8.487446808510631
600160,2019-05-20,7.13,7.2,7.24,7.01,7.1,192573.0,137376000.0,7.32,7.34,8.010999999999996,8.45,8.32,34.77,-0.42,-0.34,-0.08,巨化股份,化学原料和化学制品制造业,主板,7.319999999999982,7.334999999999987,7.395833333333331,7.699374999999995,8.480425531914888
600160,2019-05-21,7.25,7.31,7.41,7.22,7.2,223126.0,163536000.0,7.32,7.33,7.913999999999996,8.4,8.32,37.48,-0.4,-0.35,-0.05,巨化股份,化学原料和化学制品制造业,主板,7.287499999999981,7.339999999999987,7.333333333333331,7.581874999999995,8.459787234042548
600160,2019-05-22,7.33,7.27,7.43,7.22,7.31,182139.0,133390000.0,7.28,7.33,7.803499999999997,8.33,8.32,36.88,-0.39,-0.36,-0.03,巨化股份,化学原料和化学制品制造业,主板,7.219999999999981,7.309999999999987,7.3283333333333305,7.481249999999996,8.438510638297867
600160,2019-05-23,7.3,7.14,7.32,7.12,7.27,169546.0,121837000.0,7.2,7.31,7.699499999999996,8.23,8.31,34.92,-0.39,-0.37,-0.02,巨化股份,化学原料和化学制品制造业,主板,7.229999999999981,7.288749999999986,7.311666666666664,7.408749999999996,8.410212765957441
600160,2019-05-24,7.13,7.18,7.23,7.08,7.14,124023.0,88870600.0,7.22,7.28,7.604499999999996,8.15,8.3,36.05,-0.38,-0.37,-0.01,巨化股份,化学原料和化学制品制造业,主板,7.224999999999981,7.272499999999987,7.298333333333329,7.353124999999997,8.387234042553185
600160,2019-05-27,7.18,7.42,7.44,7.13,7.18,268541.0,197179000.0,7.26,7.29,7.515999999999996,8.08,8.3,42.47,-0.35,-0.37,0.02,巨化股份,化学原料和化学制品制造业,主板,7.252499999999981,7.269999999999987,7.31083333333333,7.313124999999997,8.367234042553186
600160,2019-05-28,7.37,7.35,7.45,7.31,7.42,249766.0,184614000.0,7.27,7.29,7.439499999999995,8.01,8.29,41.17,-0.33,-0.36,0.03,巨化股份,化学原料和化学制品制造业,主板,7.27249999999998,7.2462499999999865,7.297499999999996,7.3143749999999965,8.3395744680851
600160,2019-05-29,7.32,7.4,7.46,7.3,7.35,174474.0,129159000.0,7.3,7.29,7.394499999999995,7.95,8.28,42.52,-0.29,-0.34,0.05,巨化股份,化学原料和化学制品制造业,主板,7.337499999999981,7.283749999999986,7.304999999999996,7.318124999999997,8.315106382978717
600160,2019-05-30,7.39,7.41,7.42,7.27,7.4,197583.0,145308000.0,7.35,7.28,7.361499999999995,7.9,8.28,42.81,-0.27,-0.33,0.06,巨化股份,化学原料和化学制品制造业,主板,7.39499999999998,7.309999999999986,7.313333333333329,7.322499999999996,8.29361702127659
600160,2019-05-31,7.26,7.17,7.28,7.16,7.41,162835.0,117456000.0,7.35,7.28,7.316999999999995,7.84,8.26,37.97,-0.27,-0.32,0.05,巨化股份,化学原料和化学制品制造业,主板,7.33249999999998,7.292499999999986,7.290833333333329,7.316249999999997,8.266170212765953
600160,2019-06-03,7.18,7.23,7.27,7.08,7.17,219673.0,158124000.0,7.31,7.29,7.311999999999993,7.77,8.25,39.8,-0.26,-0.31,0.05,巨化股份,化学原料和化学制品制造业,主板,7.302499999999979,7.287499999999987,7.264999999999996,7.2987499999999965,8.233404255319146
600160,2019-06-04,7.23,7.21,7.26,7.11,7.23,158782.0,113835000.0,7.28,7.28,7.305499999999993,7.7,8.24,39.38,-0.25,-0.3,0.05,巨化股份,化学原料和化学制品制造业,主板,7.2549999999999795,7.296249999999986,7.2741666666666625,7.292499999999996,8.205531914893612
600160,2019-06-05,7.32,7.09,7.37,7.07,7.21,284923.0,203974000.0,7.22,7.26,7.292999999999994,7.62,8.22,36.89,-0.25,-0.29,0.04,巨化股份,化学原料和化学制品制造业,主板,7.1749999999999785,7.284999999999987,7.264999999999996,7.278749999999996,8.180851063829783
600160,2019-06-06,7.07,6.86,7.08,6.85,7.09,210841.0,146227000.0,7.11,7.23,7.272499999999994,7.54,8.21,32.62,-0.26,-0.28,0.02,巨化股份,化学原料和化学制品制造业,主板,7.097499999999979,7.214999999999987,7.227499999999996,7.242499999999996,8.14170212765957
600160,2019-06-10,6.9,6.9,6.94,6.81,6.86,117074.0,80623300.0,7.06,7.2,7.241999999999995,7.47,8.19,34.05,-0.27,-0.28,0.01,巨化股份,化学原料和化学制品制造业,主板,7.014999999999978,7.158749999999988,7.196666666666663,7.202499999999996,8.110638297872335
600160,2019-06-11,6.9,7.15,7.17,6.86,6.9,219814.0,155278000.0,7.04,7.18,7.233999999999995,7.4,8.17,42.29,-0.25,-0.27,0.02,巨化股份,化学原料和化学制品制造业,主板,6.999999999999979,7.127499999999988,7.197499999999997,7.205624999999997,8.079361702127654
600160,2019-06-12,7.15,7.18,7.31,7.11,7.15,255478.0,184214000.0,7.04,7.16,7.227499999999995,7.35,8.15,43.21,-0.23,-0.26,0.03,巨化股份,化学原料和化学制品制造业,主板,7.022499999999979,7.098749999999988,7.197499999999995,7.204374999999996,8.040212765957442
600160,2019-06-13,7.17,7.21,7.24,7.11,7.18,146523.0,105395000.0,7.06,7.14,7.215999999999996,7.31,8.13,44.16,-0.22,-0.26,0.04,巨化股份,化学原料和化学制品制造业,主板,7.109999999999978,7.103749999999988,7.179999999999995,7.198124999999996,8.002127659574462
600160,2019-06-14,7.21,7.07,7.24,7.04,7.21,156415.0,111681000.0,7.1,7.11,7.1924999999999955,7.28,8.11,40.72,-0.2,-0.24,0.04,巨化股份,化学原料和化学制品制造业,主板,7.1524999999999785,7.083749999999988,7.156666666666662,7.1856249999999955,7.961489361702122
600160,2019-06-17,7.11,7.1,7.14,7.05,7.07,96919.8,68802300.0,7.14,7.1,7.1924999999999955,7.24,8.08,41.77,-0.19,-0.23,0.04,巨化股份,化学原料和化学制品制造业,主板,7.139999999999979,7.069999999999988,7.131666666666661,7.183124999999995,7.911702127659569
600160,2019-06-18,7.08,7.1,7.13,7.05,7.1,76543.9,54228000.0,7.13,7.09,7.187499999999996,7.24,8.06,41.77,-0.19,-0.22,0.03,巨化股份,化学原料和化学制品制造业,主板,7.11999999999998,7.0712499999999885,7.105833333333327,7.178124999999994,7.847234042553186
600160,2019-06-19,7.25,7.15,7.28,7.13,7.1,187242.0,134722000.0,7.13,7.08,7.1794999999999956,7.23,8.04,43.69,-0.17,-0.21,0.04,巨化股份,化学原料和化学制品制造业,主板,7.104999999999979,7.107499999999988,7.104166666666661,7.161249999999995,7.795957446808505
600160,2019-06-20,7.15,7.28,7.29,7.1,7.15,242562.0,175373000.0,7.14,7.1,7.179999999999995,7.23,8.02,48.46,-0.15,-0.2,0.05,巨化股份,化学原料和化学制品制造业,主板,7.157499999999979,7.154999999999988,7.108333333333327,7.156874999999995,7.748085106382973
600160,2019-06-21,7.3,7.32,7.4,7.27,7.28,284657.0,208943000.0,7.19,7.15,7.188999999999996,7.23,7.99,49.87,-0.12,-0.18,0.06,巨化股份,化学原料和化学制品制造业,主板,7.212499999999979,7.176249999999988,7.1174999999999935,7.151874999999995,7.707872340425527
600160,2019-06-24,7.32,7.28,7.35,7.24,7.32,138605.0,100932000.0,7.23,7.18,7.1939999999999955,7.22,7.97,48.44,-0.11,-0.17,0.06,巨化股份,化学原料和化学制品制造业,主板,7.257499999999979,7.188749999999987,7.133333333333327,7.143749999999995,7.666808510638292
600160,2019-06-25,7.29,7.23,7.3,7.14,7.28,165493.0,119325000.0,7.25,7.19,7.1844999999999954,7.22,7.96,46.65,-0.09,-0.15,0.06,巨化股份,化学原料和化学制品制造业,主板,7.27749999999998,7.191249999999987,7.16416666666666,7.1474999999999955,7.628936170212762
600160,2019-06-26,7.17,7.21,7.28,7.15,7.23,94412.4,68069100.0,7.26,7.2,7.177499999999997,7.22,7.93,45.92,-0.09,-0.14,0.05,巨化股份,化学原料和化学制品制造业,主板,7.25999999999998,7.208749999999987,7.189999999999993,7.146249999999995,7.587872340425527
600160,2019-06-27,7.23,7.25,7.28,7.21,7.21,140702.0,101822000.0,7.26,7.2,7.169999999999996,7.21,7.91,47.69,-0.08,-0.13,0.05,巨化股份,化学原料和化学制品制造业,主板,7.24249999999998,7.227499999999988,7.198333333333326,7.148749999999995,7.546595744680846
600160,2019-06-28,7.23,7.11,7.24,7.07,7.25,156949.0,111862000.0,7.22,7.2,7.154999999999997,7.2,7.89,42.45,-0.08,-0.12,0.04,巨化股份,化学原料和化学制品制造业,主板,7.19999999999998,7.228749999999988,7.192499999999993,7.149999999999995,7.501063829787229
600160,2019-07-01,7.22,7.54,7.54,7.18,7.11,513279.0,379481000.0,7.27,7.25,7.173499999999997,7.21,7.86,57.78,-0.05,-0.11,0.06,巨化股份,化学原料和化学制品制造业,主板,7.277499999999979,7.277499999999988,7.219999999999994,7.1924999999999955,7.459787234042548
600160,2019-07-02,7.48,7.55,7.65,7.45,7.54,366833.0,276867000.0,7.33,7.29,7.189499999999998,7.22,7.84,58.06,-0.02,-0.09,0.07,巨化股份,化学原料和化学制品制造业,主板,7.362499999999979,7.311249999999989,7.259999999999994,7.233124999999995,7.424255319148931
600160,2019-07-03,7.49,7.68,7.72,7.41,7.55,479360.0,364034000.0,7.43,7.35,7.212999999999998,7.23,7.82,61.62,0.02,-0.07,0.09,巨化股份,化学原料和化学制品制造业,主板,7.469999999999979,7.356249999999988,7.308333333333327,7.266249999999994,7.394468085106379
600160,2019-07-04,7.68,7.65,7.79,7.61,7.68,332816.0,255715000.0,7.51,7.38,7.240999999999998,7.25,7.79,60.35,0.03,-0.05,0.08,巨化股份,化学原料和化学制品制造业,主板,7.604999999999979,7.402499999999987,7.354166666666662,7.295624999999994,7.361702127659569
600160,2019-07-05,7.64,7.67,7.74,7.6,7.65,258600.0,198561000.0,7.62,7.42,7.281499999999997,7.26,7.75,60.92,0.05,-0.03,0.08,巨化股份,化学原料和化学制品制造业,主板,7.63749999999998,7.457499999999987,7.397499999999995,7.3243749999999945,7.335957446808506
600160,2019-07-08,7.68,7.37,7.68,7.36,7.67,283498.0,211063000.0,7.58,7.43,7.304999999999997,7.27,7.71,49.29,0.04,-0.01,0.05,巨化股份,化学原料和化学制品制造业,主板,7.592499999999979,7.477499999999988,7.404999999999995,7.343124999999995,7.316170212765953
600160,2019-07-09,7.41,7.9,8.0,7.35,7.37,497881.0,383956000.0,7.65,7.49,7.342499999999997,7.29,7.68,62.8,0.07,0.0,0.07,巨化股份,化学原料和化学制品制造业,主板,7.6474999999999795,7.558749999999987,7.453333333333329,7.393124999999996,7.312553191489357
600160,2019-07-10,7.83,7.74,7.93,7.67,7.9,401831.0,312870000.0,7.67,7.55,7.370499999999997,7.3,7.66,57.8,0.09,0.02,0.07,巨化股份,化学原料和化学制品制造业,主板,7.66999999999998,7.637499999999987,7.491666666666661,7.433124999999996,7.305744680851059
600160,2019-07-11,7.82,7.96,8.12,7.79,7.74,627790.0,500891000.0,7.73,7.62,7.407999999999997,7.32,7.64,62.25,0.11,0.04,0.07,巨化股份,化学原料和化学制品制造业,主板,7.74249999999998,7.689999999999986,7.552499999999994,7.483749999999995,7.319148936170208
600160,2019-07-12,8.15,8.19,8.58,8.15,7.96,981000.0,815958000.0,7.83,7.72,7.463999999999997,7.34,7.62,66.26,0.15,0.06,0.09,巨化股份,化学原料和化学制品制造业,主板,7.947499999999979,7.769999999999987,7.634166666666661,7.540624999999995,7.337234042553187
600160,2019-07-15,8.16,8.17,8.36,8.03,8.19,727506.0,598641000.0,7.99,7.79,7.5174999999999965,7.38,7.61,65.61,0.18,0.08,0.1,巨化股份,化学原料和化学制品制造业,主板,8.01499999999998,7.831249999999987,7.710833333333327,7.593749999999995,7.354893617021273
600160,2019-07-16,8.09,8.28,8.44,7.95,8.17,764014.0,623887000.0,8.07,7.86,7.576499999999998,7.41,7.59,67.51,0.21,0.11,0.1,巨化股份,化学原料和化学制品制造业,主板,8.149999999999979,7.909999999999987,7.808333333333327,7.656249999999995,7.3763829787234005
600160,2019-07-17,8.21,8.4,8.48,8.16,8.28,729509.0,608631000.0,8.2,7.93,7.638999999999998,7.45,7.58,69.49,0.24,0.14,0.1,巨化股份,化学原料和化学制品制造业,主板,8.259999999999978,8.001249999999986,7.879999999999995,7.729374999999995,7.395319148936166
600160,2019-07-18,8.2,8.1,8.31,8.05,8.4,559303.0,456461000.0,8.23,7.98,7.679999999999997,7.49,7.55,59.7,0.24,0.16,0.08,巨化股份,化学原料和化学制品制造业,主板,8.23749999999998,8.092499999999985,7.925833333333327,7.784999999999996,7.412127659574464
600160,2019-07-19,8.16,7.99,8.17,7.95,8.1,427497.0,343782000.0,8.19,8.01,7.713499999999998,7.52,7.53,56.56,0.22,0.17,0.05,巨化股份,化学原料和化学制品制造业,主板,8.19249999999998,8.103749999999984,7.951666666666661,7.831249999999995,7.4265957446808475
600160,2019-07-22,7.92,7.53,7.94,7.51,7.99,474499.0,362727000.0,8.06,8.03,7.725999999999997,7.55,7.51,45.72,0.17,0.17,0.0,巨化股份,化学原料和化学制品制造业,主板,8.00499999999998,8.077499999999985,7.94166666666666,7.8574999999999955,7.428510638297868
600160,2019-07-23,7.56,7.59,7.63,7.5,7.53,237302.0,179490000.0,7.92,8.0,7.743999999999998,7.56,7.48,47.14,0.13,0.16,-0.03,巨化股份,化学原料和化学制品制造业,主板,7.802499999999979,8.031249999999986,7.934999999999994,7.860624999999994,7.429574468085102
600160,2019-07-24,7.58,7.73,7.8,7.57,7.59,301999.0,232266000.0,7.79,7.99,7.769999999999998,7.58,7.46,50.41,0.11,0.15,-0.04,巨化股份,化学原料和化学制品制造业,主板,7.709999999999978,7.973749999999987,7.964999999999994,7.871874999999995,7.44297872340425
600160,2019-07-25,7.69,7.61,7.7,7.56,7.73,255007.0,194212000.0,7.69,7.96,7.7879999999999985,7.59,7.45,47.69,0.09,0.14,-0.05,巨化股份,化学原料和化学制品制造业,主板,7.614999999999977,7.903749999999986,7.940833333333327,7.867499999999994,7.45170212765957
600160,2019-07-26,7.55,7.61,7.66,7.52,7.61,150352.0,114347000.0,7.61,7.9,7.812999999999998,7.61,7.44,47.69,0.07,0.13,-0.06,巨化股份,化学原料和化学制品制造业,主板,7.634999999999977,7.819999999999986,7.9299999999999935,7.864999999999995,7.458085106382975
600160,2019-07-29,7.59,7.6,7.7,7.57,7.61,143358.0,109315000.0,7.63,7.84,7.815999999999998,7.63,7.44,47.44,0.04,0.11,-0.07,巨化股份,化学原料和化学制品制造业,主板,7.637499999999977,7.7199999999999855,7.899999999999994,7.860624999999994,7.46510638297872
600160,2019-07-30,7.62,7.85,7.9,7.62,7.6,351407.0,273144000.0,7.68,7.8,7.830999999999998,7.65,7.44,53.88,0.05,0.1,-0.05,巨化股份,化学原料和化学制品制造业,主板,7.6674999999999764,7.6887499999999855,7.87166666666666,7.890624999999995,7.480212765957444
600160,2019-07-31,7.76,7.73,7.85,7.72,7.85,219534.0,170544000.0,7.68,7.73,7.833499999999996,7.67,7.45,50.67,0.04,0.09,-0.05,巨化股份,化学原料和化学制品制造业,主板,7.697499999999977,7.656249999999985,7.834999999999994,7.879999999999994,7.491914893617019
600160,2019-08-01,7.8,7.96,8.06,7.73,7.73,447747.0,355752000.0,7.75,7.72,7.848999999999997,7.69,7.46,56.08,0.06,0.08,-0.02,巨化股份,化学原料和化学制品制造业,主板,7.784999999999977,7.709999999999985,7.8083333333333265,7.8937499999999945,7.503404255319146
600160,2019-08-02,7.75,8.0,8.05,7.75,7.96,476656.0,378550000.0,7.83,7.72,7.865499999999997,7.72,7.47,56.96,0.07,0.08,-0.01,巨化股份,化学原料和化学制品制造业,主板,7.884999999999977,7.761249999999984,7.774999999999992,7.896249999999994,7.517234042553188
600160,2019-08-05,8.0,7.89,8.07,7.85,8.0,442071.0,351929000.0,7.89,7.76,7.891499999999996,7.74,7.48,53.76,0.07,0.08,-0.01,巨化股份,化学原料和化学制品制造业,主板,7.8949999999999765,7.781249999999984,7.757499999999993,7.877499999999994,7.527659574468082
600160,2019-08-06,7.7,7.47,7.75,7.21,7.89,516038.0,387537000.0,7.81,7.74,7.869999999999996,7.74,7.48,43.67,0.03,0.07,-0.04,巨化股份,化学原料和化学制品制造业,主板,7.829999999999976,7.763749999999984,7.71416666666666,7.833749999999994,7.528936170212763
600160,2019-08-07,7.53,7.38,7.63,7.38,7.47,268692.0,201923000.0,7.74,7.71,7.851999999999995,7.75,7.48,41.86,0.0,0.05,-0.05,巨化股份,化学原料和化学制品制造业,主板,7.684999999999976,7.7349999999999834,7.70166666666666,7.7774999999999945,7.533404255319145
600160,2019-08-08,7.42,7.34,7.46,7.28,7.38,217221.0,159743000.0,7.62,7.68,7.820999999999995,7.75,7.48,41.04,-0.02,0.04,-0.06,巨化股份,化学原料和化学制品制造业,主板,7.519999999999975,7.702499999999984,7.680833333333326,7.711249999999994,7.535744680851059
600160,2019-08-09,7.38,7.1,7.43,7.09,7.34,290819.0,210006000.0,7.44,7.63,7.766499999999995,7.75,7.47,36.45,-0.07,0.02,-0.09,巨化股份,化学原料和化学制品制造业,主板,7.322499999999975,7.608749999999984,7.628333333333326,7.648749999999994,7.533404255319145
600160,2019-08-12,7.11,7.18,7.19,7.06,7.1,137349.0,97905000.0,7.29,7.59,7.716999999999996,7.74,7.48,38.9,-0.1,-0.01,-0.09,巨化股份,化学原料和化学制品制造业,主板,7.249999999999975,7.539999999999983,7.592499999999993,7.598124999999995,7.535319148936167
600160,2019-08-13,7.1,7.25,7.38,7.06,7.18,222500.0,161468000.0,7.25,7.53,7.665499999999996,7.73,7.48,41.05,-0.11,-0.03,-0.08,巨化股份,化学原料和化学制品制造业,主板,7.217499999999975,7.451249999999983,7.562499999999993,7.580624999999996,7.543617021276592
600160,2019-08-14,7.36,7.18,7.37,7.18,7.25,190423.0,138273000.0,7.21,7.48,7.604499999999996,7.71,7.47,39.55,-0.12,-0.05,-0.07,巨化股份,化学原料和化学制品制造业,主板,7.1774999999999745,7.348749999999983,7.527499999999994,7.554999999999996,7.549574468085104
600160,2019-08-15,7.0,7.15,7.2,6.94,7.18,208757.0,147696000.0,7.17,7.39,7.556999999999997,7.7,7.47,38.9,-0.14,-0.06,-0.08,巨化股份,化学原料和化学制品制造业,主板,7.189999999999975,7.256249999999984,7.469166666666662,7.518749999999996,7.549574468085104
600160,2019-08-16,7.13,7.13,7.22,7.12,7.15,159270.0,114221000.0,7.18,7.31,7.513999999999996,7.68,7.47,38.44,-0.15,-0.08,-0.07,巨化股份,化学原料和化学制品制造业,主板,7.177499999999975,7.213749999999983,7.419166666666661,7.488749999999996,7.548510638297869
600160,2019-08-19,7.18,7.3,7.32,7.13,7.13,241511.0,175037000.0,7.2,7.25,7.502499999999996,7.68,7.47,44.41,-0.14,-0.09,-0.05,巨化股份,化学原料和化学制品制造业,主板,7.189999999999975,7.203749999999983,7.364166666666661,7.469374999999996,7.550425531914891
600160,2019-08-20,7.31,7.22,7.33,7.2,7.3,219065.0,159126000.0,7.2,7.22,7.483999999999996,7.65,7.47,42.33,-0.14,-0.1,-0.04,巨化股份,化学原料和化学制品制造业,主板,7.199999999999974,7.188749999999983,7.299166666666661,7.445624999999996,7.553617021276594
600160,2019-08-21,7.2,7.29,7.4,7.17,7.22,246367.0,180212000.0,7.22,7.21,7.461999999999996,7.64,7.47,44.77,-0.14,-0.11,-0.03,巨化股份,化学原料和化学制品制造业,主板,7.234999999999975,7.2124999999999835,7.249166666666661,7.410624999999997,7.557659574468084
600160,2019-08-22,7.29,7.23,7.29,7.18,7.29,164423.0,118700000.0,7.23,7.2,7.442999999999995,7.61,7.47,43.09,-0.13,-0.11,-0.02,巨化股份,化学原料和化学制品制造业,主板,7.259999999999976,7.218749999999983,7.229166666666662,7.379374999999997,7.560425531914892
600160,2019-08-23,7.14,7.24,7.25,7.03,7.23,342032.0,243579000.0,7.26,7.22,7.424499999999995,7.58,7.46,43.47,-0.13,-0.12,-0.01,巨化股份,化学原料和化学制品制造业,主板,7.244999999999975,7.217499999999983,7.217499999999995,7.334374999999997,7.5623404255319135
600160,2019-08-26,7.06,7.11,7.16,7.03,7.24,151860.0,108006000.0,7.22,7.21,7.399999999999996,7.55,7.46,39.74,-0.13,-0.12,-0.01,巨化股份,化学原料和化学制品制造业,主板,7.217499999999976,7.208749999999983,7.198333333333328,7.278749999999997,7.558723404255319
600160,2019-08-27,7.13,7.17,7.24,7.13,7.11,194332.0,139506000.0,7.21,7.2,7.365999999999995,7.51,7.46,42.21,-0.13,-0.12,-0.01,巨化股份,化学原料和化学制品制造业,主板,7.187499999999977,7.211249999999983,7.204166666666662,7.233749999999997,7.555531914893617
600160,2019-08-28,7.16,7.18,7.21,7.11,7.17,172480.0,123426000.0,7.19,7.2,7.338499999999996,7.47,7.46,42.63,-0.12,-0.12,0.0,巨化股份,化学原料和化学制品制造业,主板,7.174999999999977,7.2174999999999825,7.204166666666661,7.2156249999999975,7.55340425531915
600160,2019-08-29,7.23,7.32,7.37,7.21,7.18,307456.0,224336000.0,7.2,7.22,7.306499999999995,7.44,7.47,48.3,-0.11,-0.12,0.01,巨化股份,化学原料和化学制品制造业,主板,7.194999999999977,7.219999999999983,7.209999999999994,7.211874999999997,7.555319148936171
600160,2019-08-30,7.32,7.17,7.34,7.15,7.32,188989.0,136988000.0,7.19,7.22,7.264999999999995,7.42,7.47,43.35,-0.1,-0.12,0.02,巨化股份,化学原料和化学制品制造业,主板,7.209999999999978,7.213749999999983,7.209166666666661,7.201249999999997,7.554468085106384
600160,2019-09-02,7.17,7.31,7.31,7.13,7.17,179039.0,130096000.0,7.23,7.22,7.235999999999995,7.41,7.48,48.64,-0.09,-0.11,0.02,巨化股份,化学原料和化学制品制造业,主板,7.244999999999978,7.216249999999984,7.222499999999994,7.214374999999998,7.555744680851065
600160,2019-09-03,7.33,7.3,7.34,7.25,7.31,147168.0,107347000.0,7.26,7.23,7.2274999999999965,7.4,7.48,48.29,-0.08,-0.1,0.02,巨化股份,化学原料和化学制品制造业,主板,7.274999999999977,7.224999999999984,7.236666666666661,7.221874999999997,7.559787234042554
600160,2019-09-04,7.27,7.42,7.44,7.26,7.3,241031.0,177410000.0,7.3,7.24,7.229499999999996,7.39,7.48,52.65,-0.07,-0.1,0.03,巨化股份,化学原料和化学制品制造业,主板,7.299999999999978,7.247499999999984,7.246666666666662,7.232499999999997,7.557234042553192
600160,2019-09-05,7.48,7.48,7.63,7.41,7.42,346400.0,260640000.0,7.34,7.27,7.236499999999995,7.39,7.49,54.71,-0.05,-0.09,0.04,巨化股份,化学原料和化学制品制造业,主板,7.377499999999976,7.293749999999983,7.268333333333328,7.251249999999997,7.555744680851065
600160,2019-09-06,7.58,7.61,7.65,7.52,7.48,256717.0,194823000.0,7.42,7.31,7.261999999999996,7.39,7.5,58.88,-0.01,-0.07,0.06,巨化股份,化学原料和化学制品制造业,主板,7.452499999999977,7.348749999999983,7.294999999999995,7.279999999999997,7.554255319148938
600160,2019-09-09,7.66,7.65,7.66,7.5,7.61,281252.0,213471000.0,7.49,7.36,7.285499999999996,7.39,7.51,60.1,0.01,-0.06,0.07,巨化股份,化学原料和化学制品制造业,主板,7.539999999999977,7.407499999999984,7.329999999999995,7.312499999999997,7.554255319148938
600160,2019-09-10,7.64,7.61,7.65,7.57,7.65,169812.0,128995000.0,7.55,7.4,7.303499999999997,7.38,7.52,58.24,0.03,-0.04,0.07,巨化股份,化学原料和化学制品制造业,主板,7.587499999999977,7.4437499999999845,7.3608333333333285,7.3318749999999975,7.552978723404257
600160,2019-09-11,7.63,7.49,7.65,7.48,7.61,186824.0,141063000.0,7.57,7.44,7.318999999999997,7.37,7.52,52.96,0.02,-0.03,0.05,巨化股份,化学原料和化学制品制造业,主板,7.589999999999978,7.483749999999985,7.392499999999995,7.348749999999997,7.555531914893619
600160,2019-09-12,7.54,7.53,7.54,7.48,7.49,114392.0,85901600.0,7.58,7.46,7.3379999999999965,7.36,7.52,54.44,0.04,-0.01,0.05,巨化股份,化学原料和化学制品制造业,主板,7.569999999999977,7.511249999999984,7.422499999999995,7.363749999999997,7.547659574468087
600160,2019-09-16,7.56,7.48,7.58,7.44,7.53,168096.0,126300000.0,7.55,7.49,7.355499999999997,7.34,7.53,52.22,0.03,0.0,0.03,巨化股份,化学原料和化学制品制造业,主板,7.527499999999977,7.533749999999985,7.447499999999995,7.379374999999997,7.5421276595744695
600160,2019-09-17,7.46,7.26,7.49,7.23,7.48,215114.0,157653000.0,7.47,7.48,7.353499999999995,7.32,7.53,43.77,0.01,0.0,0.01,巨化股份,化学原料和化学制品制造业,主板,7.439999999999976,7.513749999999986,7.4424999999999955,7.3806249999999975,7.527234042553193
600160,2019-09-18,7.27,7.26,7.31,7.23,7.26,116577.0,84751000.0,7.4,7.48,7.355499999999995,7.31,7.53,43.77,0.0,0.0,0.0,巨化股份,化学原料和化学制品制造业,主板,7.382499999999975,7.486249999999986,7.449999999999996,7.389999999999998,7.50744680851064
600160,2019-09-19,7.27,7.4,7.45,7.25,7.26,201953.0,148266000.0,7.39,7.48,7.360999999999995,7.31,7.53,49.77,0.0,0.0,0.0,巨化股份,化学原料和化学制品制造业,主板,7.349999999999975,7.459999999999987,7.457499999999996,7.404374999999998,7.491063829787235
600160,2019-09-20,7.37,7.38,7.46,7.31,7.4,145816.0,107139000.0,7.36,7.47,7.368499999999996,7.31,7.53,48.97,0.0,0.0,0.0,巨化股份,化学原料和化学制品制造业,主板,7.324999999999975,7.426249999999986,7.464166666666663,7.416874999999997,7.471914893617023
600160,2019-09-23,7.35,7.25,7.36,7.2,7.38,122810.0,89204600.0,7.31,7.43,7.368999999999995,7.32,7.54,43.99,-0.01,0.0,-0.01,巨化股份,化学原料和化学制品制造业,主板,7.322499999999975,7.381249999999985,7.449999999999996,7.412499999999998,7.44744680851064
600160,2019-09-24,7.25,7.21,7.32,7.19,7.25,107339.0,77852600.0,7.3,7.39,7.373999999999995,7.32,7.53,42.56,-0.03,-0.01,-0.02,巨化股份,化学原料和化学制品制造业,主板,7.309999999999976,7.346249999999984,7.427499999999995,7.414999999999997,7.428510638297873
600160,2019-09-25,7.21,7.12,7.21,7.1,7.21,112709.0,80475300.0,7.27,7.34,7.371499999999996,7.32,7.52,39.45,-0.04,-0.01,-0.03,巨化股份,化学原料和化学制品制造业,主板,7.239999999999975,7.294999999999984,7.386666666666662,7.4031249999999975,7.410000000000001
600160,2019-09-26,7.14,7.05,7.17,7.05,7.12,116560.0,82710300.0,7.2,7.29,7.364999999999997,7.31,7.51,37.17,-0.07,-0.03,-0.04,巨化股份,化学原料和化学制品制造业,主板,7.157499999999975,7.241249999999983,7.336666666666662,7.3874999999999975,7.399787234042555
600160,2019-09-27,7.05,7.07,7.12,7.05,7.05,70450.7,49899900.0,7.14,7.25,7.3524999999999965,7.31,7.5,38.27,-0.08,-0.04,-0.04,巨化股份,化学原料和化学制品制造业,主板,7.112499999999976,7.2174999999999825,7.291666666666661,7.365624999999997,7.388723404255321
600160,2019-09-30,7.08,7.07,7.13,7.06,7.07,62823.1,44564400.0,7.1,7.21,7.347499999999997,7.31,7.49,38.27,-0.08,-0.05,-0.03,巨化股份,化学原料和化学制品制造业,主板,7.077499999999976,7.193749999999983,7.2566666666666615,7.339999999999997,7.3746808510638315
600160,2019-10-08,7.06,7.1,7.16,7.04,7.07,73440.6,52229600.0,7.08,7.19,7.336999999999996,7.3,7.49,40.09,-0.08,-0.05,-0.03,巨化股份,化学原料和化学制品制造业,主板,7.072499999999976,7.156249999999983,7.220833333333328,7.308124999999997,7.363829787234044
600160,2019-10-09,7.09,7.14,7.15,7.07,7.1,69258.1,49325200.0,7.09,7.18,7.328999999999995,7.3,7.48,42.52,-0.08,-0.06,-0.02,巨化股份,化学原料和化学制品制造业,主板,7.094999999999975,7.126249999999982,7.192499999999995,7.2762499999999966,7.3538297872340435
600160,2019-10-10,7.14,7.17,7.18,7.12,7.14,74166.5,53052800.0,7.11,7.16,7.316499999999995,7.29,7.47,44.34,-0.08,-0.06,-0.02,巨化股份,化学原料和化学制品制造业,主板,7.119999999999974,7.116249999999981,7.184999999999994,7.248749999999997,7.34468085106383
600160,2019-10-11,7.14,7.15,7.18,7.08,7.17,82825.1,59036400.0,7.13,7.13,7.299999999999995,7.29,7.45,43.36,-0.08,-0.07,-0.01,巨化股份,化学原料和化学制品制造业,主板,7.139999999999974,7.108749999999982,7.175833333333327,7.227499999999997,7.329787234042553
600160,2019-10-14,7.25,7.2,7.26,7.17,7.15,123535.0,89069300.0,7.15,7.13,7.279499999999994,7.29,7.44,46.56,-0.07,-0.07,0.0,巨化股份,化学原料和化学制品制造业,主板,7.164999999999974,7.118749999999982,7.1591666666666605,7.2068749999999975,7.318510638297871
600160,2019-10-15,7.17,7.07,7.18,7.06,7.2,107953.0,76702200.0,7.15,7.11,7.2504999999999935,7.29,7.42,40.19,-0.07,-0.07,0.0,巨化股份,化学原料和化学制品制造业,主板,7.147499999999974,7.121249999999982,7.133333333333328,7.181249999999998,7.2995744680851065
600160,2019-10-16,7.09,7.05,7.11,7.05,7.07,79004.8,55903600.0,7.13,7.11,7.222499999999994,7.28,7.4,39.3,-0.07,-0.07,0.0,巨化股份,化学原料和化学制品制造业,主板,7.117499999999973,7.118749999999982,7.116666666666661,7.168124999999997,7.27936170212766
600160,2019-10-17,7.05,7.04,7.08,7.03,7.05,62767.4,44268500.0,7.1,7.11,7.199999999999993,7.28,7.37,38.84,-0.08,-0.07,-0.01,巨化股份,化学原料和化学制品制造业,主板,7.089999999999973,7.114999999999982,7.102499999999996,7.154374999999997,7.261276595744682
600160,2019-10-18,7.05,6.92,7.07,6.91,7.04,111257.0,77798800.0,7.06,7.09,7.169499999999992,7.27,7.35,33.7,-0.09,-0.07,-0.02,巨化股份,化学原料和化学制品制造业,主板,7.019999999999974,7.092499999999982,7.085833333333329,7.124374999999997,7.249574468085107
600160,2019-10-21,6.92,6.96,6.98,6.85,6.92,77076.0,53281200.0,7.01,7.08,7.143499999999993,7.26,7.34,36.71,-0.09,-0.08,-0.01,巨化股份,化学原料和化学制品制造业,主板,6.992499999999973,7.069999999999982,7.078333333333329,7.098124999999997,7.240638297872341
600160,2019-10-22,6.94,6.97,7.0,6.93,6.96,57386.5,39967700.0,6.99,7.07,7.128999999999993,7.25,7.33,37.47,-0.1,-0.08,-0.02,巨化股份,化学原料和化学制品制造业,主板,6.972499999999973,7.044999999999981,7.069999999999996,7.080624999999997,7.2327659574468095
600160,2019-10-23,6.8,6.86,6.94,6.8,6.97,105186.0,72381600.0,6.95,7.04,7.108999999999995,7.23,7.32,32.79,-0.11,-0.09,-0.02,巨化股份,化学原料和化学制品制造业,主板,6.927499999999974,7.008749999999981,7.052499999999995,7.058749999999997,7.2276595744680865
600160,2019-10-24,6.83,6.84,6.9,6.83,6.86,53759.8,36885300.0,6.91,7.01,7.080999999999994,7.21,7.3,32.01,-0.11,-0.09,-0.02,巨化股份,化学原料和化学制品制造业,主板,6.907499999999974,6.9637499999999815,7.030833333333329,7.041249999999997,7.220425531914894
600160,2019-10-25,6.84,6.94,6.96,6.84,6.84,73069.2,50430000.0,6.91,6.98,7.058999999999995,7.19,7.29,39.75,-0.11,-0.1,-0.01,巨化股份,化学原料和化学制品制造业,主板,6.902499999999973,6.947499999999981,7.014166666666662,7.034374999999997,7.213829787234043
600160,2019-10-28,6.95,7.22,7.26,6.95,6.94,261872.0,187162000.0,6.97,6.99,7.057499999999995,7.18,7.28,55.16,-0.08,-0.09,0.01,巨化股份,化学原料和化学制品制造业,主板,6.964999999999973,6.968749999999981,7.018333333333328,7.0437499999999975,7.2146808510638305
600160,2019-10-29,7.15,7.13,7.18,7.04,7.22,172117.0,122234000.0,7.0,6.99,7.053499999999994,7.16,7.28,50.67,-0.07,-0.09,0.02,巨化股份,化学原料和化学制品制造业,主板,7.032499999999974,6.979999999999982,7.016666666666661,7.047499999999998,7.214255319148937
600160,2019-10-30,7.11,7.08,7.17,7.03,7.13,97447.4,69175800.0,7.04,7.0,7.0514999999999946,7.15,7.26,48.32,-0.06,-0.08,0.02,巨化股份,化学原料和化学制品制造业,主板,7.092499999999974,6.999999999999981,7.006666666666661,7.046249999999998,7.213191489361703
600160,2019-10-31,7.09,6.99,7.15,6.96,7.08,90079.7,63276700.0,7.07,6.99,7.048499999999994,7.13,7.25,44.34,-0.06,-0.08,0.02,巨化股份,化学原料和化学制品制造业,主板,7.104999999999973,7.0037499999999815,6.999999999999993,7.0368749999999975,7.206595744680852
600160,2019-11-01,6.96,6.98,7.03,6.89,6.99,81958.6,57085800.0,7.08,7.0,7.043999999999994,7.11,7.23,43.9,-0.06,-0.07,0.01,巨化股份,化学原料和化学制品制造业,主板,7.044999999999973,7.004999999999981,6.99416666666666,7.024999999999998,7.201489361702128
600160,2019-11-04,6.98,6.96,7.04,6.94,6.98,61204.8,42790700.0,7.03,7.0,7.038499999999995,7.09,7.22,43.0,-0.06,-0.07,0.01,巨化股份,化学原料和化学制品制造业,主板,7.002499999999974,7.017499999999981,6.987499999999993,7.013124999999997,7.194468085106383
600160,2019-11-05,6.97,6.97,7.02,6.93,6.96,60358.8,42132800.0,7.0,7.0,7.031999999999995,7.08,7.2,43.62,-0.06,-0.07,0.01,巨化股份,化学原料和化学制品制造业,主板,6.974999999999975,7.033749999999982,6.991666666666659,6.998749999999997,7.188936170212766
600160,2019-11-06,6.95,6.97,7.02,6.94,6.97,79174.6,55257100.0,6.97,7.01,7.023499999999996,7.08,7.19,43.62,-0.06,-0.07,0.01,巨化股份,化学原料和化学制品制造业,主板,6.969999999999974,7.037499999999982,6.992499999999993,6.992499999999996,7.183191489361702
600160,2019-11-07,6.97,6.99,7.0,6.93,6.97,58358.8,40662500.0,6.97,7.02,7.014499999999996,7.06,7.19,45.02,-0.06,-0.07,0.01,巨化股份,化学原料和化学制品制造业,主板,6.972499999999974,7.008749999999982,6.994166666666659,6.988749999999996,7.18063829787234
600160,2019-11-08,7.01,7.01,7.07,6.98,6.99,82565.9,57998000.0,6.98,7.03,7.007499999999996,7.05,7.18,46.46,-0.06,-0.06,0.0,巨化股份,化学原料和化学制品制造业,主板,6.984999999999975,6.993749999999982,7.00666666666666,6.986874999999996,7.1772340425531915
600160,2019-11-11,6.99,6.82,6.99,6.8,7.01,111181.0,76296900.0,6.95,6.99,6.988499999999997,7.04,7.18,36.68,-0.06,-0.06,0.0,巨化股份,化学原料和化学制品制造业,主板,6.947499999999975,6.961249999999982,7.004999999999993,6.980624999999995,7.169574468085106
600160,2019-11-12,6.82,6.77,6.84,6.69,6.82,83658.7,56515600.0,6.91,6.95,6.973499999999997,7.02,7.17,34.61,-0.08,-0.07,-0.01,巨化股份,化学原料和化学制品制造业,主板,6.897499999999976,6.933749999999981,6.990833333333327,6.968749999999996,7.157872340425531
600160,2019-11-13,6.77,6.77,6.81,6.72,6.77,52504.3,35498500.0,6.87,6.92,6.959499999999997,7.01,7.16,34.61,-0.08,-0.07,-0.01,巨化股份,化学原料和化学制品制造业,主板,6.8424999999999745,6.907499999999981,6.953333333333326,6.956249999999995,7.149361702127658
600160,2019-11-14,6.77,6.72,6.79,6.7,6.77,54954.8,37085200.0,6.82,6.9,6.943499999999998,7.0,7.15,32.49,-0.09,-0.07,-0.02,巨化股份,化学原料和化学制品制造业,主板,6.769999999999975,6.877499999999981,6.919166666666659,6.947499999999995,7.136808510638297
600160,2019-11-15,6.6,6.63,6.74,6.6,6.72,62090.1,41384300.0,6.74,6.86,6.928999999999998,6.98,7.15,29.04,-0.1,-0.08,-0.02,巨化股份,化学原料和化学制品制造业,主板,6.722499999999975,6.834999999999981,6.88166666666666,6.934374999999995,7.12255319148936
600160,2019-11-18,6.64,6.83,6.84,6.62,6.63,106078.0,71605300.0,6.74,6.85,6.922499999999998,6.98,7.14,43.42,-0.1,-0.08,-0.02,巨化股份,化学原料和化学制品制造业,主板,6.737499999999975,6.817499999999981,6.868333333333326,6.927499999999995,7.109999999999998
600160,2019-11-19,6.8,6.82,6.86,6.79,6.83,62363.1,42552000.0,6.75,6.83,6.914999999999997,6.97,7.13,42.95,-0.1,-0.09,-0.01,巨化股份,化学原料和化学制品制造业,主板,6.749999999999974,6.796249999999981,6.854999999999993,6.9024999999999945,7.095957446808508
600160,2019-11-20,6.8,6.79,6.84,6.77,6.82,55875.3,38015700.0,6.76,6.82,6.911499999999997,6.95,7.13,41.5,-0.09,-0.09,0.0,巨化股份,化学原料和化学制品制造业,主板,6.767499999999975,6.768749999999981,6.840833333333328,6.881249999999995,7.07851063829787
600160,2019-11-21,6.8,6.76,6.8,6.72,6.79,60647.9,40988200.0,6.77,6.79,6.907499999999996,6.94,7.12,40.05,-0.09,-0.09,0.0,巨化股份,化学原料和化学制品制造业,主板,6.799999999999975,6.761249999999981,6.823333333333328,6.861249999999996,7.0595744680851045
600160,2019-11-22,6.75,6.67,6.83,6.66,6.76,78349.8,52783000.0,6.77,6.76,6.893999999999996,6.92,7.11,35.98,-0.09,-0.09,0.0,巨化股份,化学原料和化学制品制造业,主板,6.759999999999975,6.748749999999982,6.7983333333333285,6.841249999999996,7.039574468085104
600160,2019-11-25,6.68,6.78,6.78,6.65,6.67,70950.6,47746600.0,6.76,6.75,6.8719999999999954,6.91,7.1,43.53,-0.09,-0.09,0.0,巨化股份,化学原料和化学制品制造业,主板,6.749999999999975,6.749999999999982,6.780833333333329,6.828749999999996,7.02446808510638
600160,2019-11-26,6.77,6.64,6.83,6.64,6.78,162294.0,108895000.0,6.73,6.74,6.847499999999995,6.9,7.09,37.47,-0.1,-0.09,-0.01,巨化股份,化学原料和化学制品制造业,主板,6.7124999999999755,6.7399999999999824,6.749999999999996,6.808749999999996,7.005531914893615
600160,2019-11-27,6.68,6.66,6.72,6.63,6.64,88476.3,59037600.0,6.7,6.73,6.826499999999994,6.88,7.08,38.78,-0.1,-0.09,-0.01,巨化股份,化学原料和化学制品制造业,主板,6.687499999999977,6.743749999999982,6.736666666666662,6.789374999999996,6.988085106382976
600160,2019-11-28,6.63,6.57,6.69,6.57,6.66,69064.8,45641600.0,6.66,6.72,6.805499999999993,6.87,7.07,35.21,-0.1,-0.09,-0.01,巨化股份,化学原料和化学制品制造业,主板,6.6624999999999766,6.711249999999982,6.719999999999995,6.764374999999996,6.973404255319147
600160,2019-11-29,6.59,6.58,6.62,6.55,6.57,57982.4,38159400.0,6.65,6.71,6.7854999999999945,6.86,7.06,35.91,-0.11,-0.1,-0.01,巨化股份,化学原料和化学制品制造业,主板,6.612499999999976,6.681249999999982,6.704166666666662,6.738749999999996,6.9589361702127635
600160,2019-12-02,6.58,6.59,6.62,6.57,6.58,43314.2,28564900.0,6.61,6.69,6.766999999999994,6.84,7.05,36.66,-0.11,-0.1,-0.01,巨化股份,化学原料和化学制品制造业,主板,6.5999999999999766,6.656249999999981,6.693333333333329,6.712499999999996,6.941702127659572
600160,2019-12-03,6.55,6.61,6.62,6.53,6.59,41643.0,27384100.0,6.6,6.67,6.748999999999995,6.83,7.04,38.21,-0.11,-0.1,-0.01,巨化股份,化学原料和化学制品制造业,主板,6.587499999999976,6.6374999999999815,6.691666666666663,6.699374999999996,6.925319148936168
600160,2019-12-04,6.58,6.64,6.65,6.57,6.61,40972.1,27139400.0,6.6,6.65,6.732499999999995,6.82,7.03,40.55,-0.1,-0.1,0.0,巨化股份,化学原料和化学制品制造业,主板,6.604999999999976,6.633749999999981,6.67583333333333,6.691249999999997,6.912340425531912
600160,2019-12-05,6.65,6.68,6.69,6.63,6.64,55654.2,37079600.0,6.62,6.64,6.716999999999994,6.82,7.02,43.62,-0.1,-0.1,0.0,巨化股份,化学原料和化学制品制造业,主板,6.629999999999976,6.621249999999981,6.664166666666664,6.685624999999997,6.901063829787232
600160,2019-12-06,6.68,6.96,7.06,6.68,6.68,305633.0,211514000.0,6.7,6.67,6.714499999999996,6.82,7.01,59.43,-0.06,-0.09,0.03,巨化股份,化学原料和化学制品制造业,主板,6.722499999999976,6.661249999999981,6.67833333333333,6.700624999999997,6.897659574468083
600160,2019-12-09,6.93,6.93,7.02,6.89,6.96,174233.0,121168000.0,6.76,6.69,6.719999999999996,6.81,7.0,57.56,-0.04,-0.08,0.04,巨化股份,化学原料和化学制品制造业,主板,6.802499999999977,6.694999999999981,6.692499999999996,6.719374999999998,6.895106382978721
600160,2019-12-10,6.92,6.86,6.93,6.8,6.93,135906.0,93183400.0,6.81,6.71,6.724499999999996,6.8,6.98,53.36,-0.03,-0.07,0.04,巨化股份,化学原料和化学制品制造业,主板,6.857499999999977,6.731249999999981,6.7083333333333295,6.721249999999998,6.890638297872338
600160,2019-12-11,6.86,6.79,6.88,6.75,6.86,120980.0,82151300.0,6.84,6.72,6.725499999999995,6.79,6.97,49.47,-0.03,-0.06,0.03,巨化股份,化学原料和化学制品制造业,主板,6.884999999999977,6.757499999999981,6.709166666666664,6.719374999999998,6.884680851063829
600160,2019-12-12,6.79,6.87,6.95,6.76,6.79,175048.0,120202000.0,6.88,6.75,6.732999999999995,6.79,6.96,53.63,-0.02,-0.05,0.03,巨化股份,化学原料和化学制品制造业,主板,6.862499999999976,6.792499999999981,6.728333333333331,6.7243749999999975,6.879787234042551
600160,2019-12-13,6.89,6.9,6.93,6.83,6.87,134469.0,92532400.0,6.87,6.78,6.746499999999996,6.78,6.95,55.12,-0.01,-0.05,0.04,巨化股份,化学原料和化学制品制造业,主板,6.854999999999976,6.828749999999981,6.748333333333331,6.733124999999998,6.874680851063828
600160,2019-12-16,6.94,6.9,6.94,6.84,6.9,135197.0,93069800.0,6.86,6.81,6.749999999999996,6.78,6.94,55.12,0.0,-0.04,0.04,巨化股份,化学原料和化学制品制造业,主板,6.864999999999975,6.8612499999999805,6.775833333333331,6.747499999999998,6.868936170212763
600160,2019-12-17,6.94,7.0,7.02,6.91,6.9,184449.0,128790000.0,6.89,6.85,6.758999999999996,6.78,6.93,60.09,0.02,-0.03,0.05,巨化股份,化学原料和化学制品制造业,主板,6.917499999999976,6.901249999999981,6.810833333333331,6.761249999999998,6.865744680851061
600160,2019-12-18,7.0,6.98,7.04,6.94,7.0,137014.0,95672600.0,6.93,6.89,6.768499999999996,6.78,6.93,58.69,0.03,-0.01,0.04,巨化股份,化学原料和化学制品制造业,主板,6.944999999999976,6.90374999999998,6.843333333333331,6.782499999999998,6.861063829787232
600160,2019-12-19,6.98,7.01,7.03,6.95,6.98,120032.0,84079900.0,6.96,6.92,6.780999999999996,6.78,6.92,60.19,0.04,0.0,0.04,巨化股份,化学原料和化学制品制造业,主板,6.972499999999977,6.91374999999998,6.876666666666665,6.8043749999999985,6.859787234042551
600160,2019-12-20,7.01,6.88,7.04,6.88,7.01,136634.0,94856400.0,6.95,6.91,6.7914999999999965,6.78,6.91,51.48,0.04,0.01,0.03,巨化股份,化学原料和化学制品制造业,主板,6.967499999999978,6.91624999999998,6.896666666666665,6.823749999999999,6.856170212765956
600160,2019-12-23,6.88,6.74,6.92,6.73,6.88,109762.0,74955200.0,6.92,6.89,6.789499999999997,6.78,6.91,44.09,0.01,0.01,0.0,巨化股份,化学原料和化学制品制造业,主板,6.9024999999999785,6.909999999999981,6.901666666666664,6.833749999999998,6.849787234042551
600160,2019-12-24,6.76,6.92,6.96,6.75,6.74,148138.0,101504000.0,6.91,6.9,6.803499999999997,6.78,6.9,53.36,0.02,0.01,0.01,巨化股份,化学原料和化学制品制造业,主板,6.887499999999979,6.916249999999981,6.898333333333331,6.854374999999998,6.849787234042551
600160,2019-12-25,6.9,7.04,7.19,6.86,6.92,367672.0,259746000.0,6.92,6.92,6.822499999999996,6.79,6.9,58.33,0.03,0.01,0.02,巨化股份,化学原料和化学制品制造业,主板,6.89499999999998,6.933749999999981,6.907499999999999,6.881249999999999,6.851489361702126
600160,2019-12-26,7.06,7.31,7.37,6.99,7.04,591090.0,427180000.0,6.98,6.97,6.859499999999997,6.81,6.9,66.87,0.06,0.02,0.04,巨化股份,化学原料和化学制品制造业,主板,7.002499999999981,6.984999999999982,6.944999999999999,6.923124999999999,6.858723404255317
600160,2019-12-27,7.28,7.18,7.37,7.17,7.31,378519.0,273792000.0,7.04,7.0,6.889499999999996,6.83,6.91,60.44,0.08,0.03,0.05,巨化股份,化学原料和化学制品制造业,主板,7.112499999999981,7.007499999999982,6.977499999999998,6.954374999999999,6.865531914893615
600160,2019-12-30,7.21,7.29,7.33,7.17,7.18,274530.0,199343000.0,7.15,7.03,6.9244999999999965,6.84,6.91,63.63,0.09,0.05,0.04,巨化股份,化学原料和化学制品制造业,主板,7.2049999999999805,7.046249999999981,7.012499999999998,6.975,6.875106382978722
600160,2019-12-31,7.26,7.28,7.34,7.24,7.29,191925.0,139819000.0,7.22,7.06,6.957999999999996,6.86,6.91,63.13,0.11,0.06,0.05,巨化股份,化学原料和化学制品制造业,主板,7.264999999999981,7.079999999999981,7.044166666666665,6.996874999999999,6.882340425531913
600160,2020-01-02,7.35,7.33,7.46,7.26,7.28,428003.0,314451000.0,7.28,7.1,6.992499999999997,6.88,6.92,64.62,0.12,0.07,0.05,巨化股份,化学原料和化学制品制造业,主板,7.269999999999981,7.136249999999981,7.079999999999997,7.026249999999999,6.884680851063827
600160,2020-01-03,7.34,7.27,7.35,7.23,7.33,267041.0,194300000.0,7.27,7.12,7.021999999999997,6.9,6.92,61.41,0.12,0.08,0.04,巨化股份,化学原料和化学制品制造业,主板,7.292499999999981,7.20249999999998,7.1024999999999965,7.056249999999999,6.887659574468082
600160,2020-01-06,7.24,7.22,7.34,7.18,7.27,292943.0,212546000.0,7.28,7.16,7.034999999999997,6.91,6.92,58.8,0.12,0.09,0.03,巨化股份,化学原料和化学制品制造业,主板,7.274999999999981,7.239999999999981,7.122499999999996,7.078124999999998,6.890638297872338
600160,2020-01-07,7.25,7.25,7.3,7.2,7.22,258685.0,187475000.0,7.27,7.21,7.050999999999997,6.93,6.92,59.9,0.12,0.09,0.03,巨化股份,化学原料和化学制品制造业,主板,7.2674999999999805,7.266249999999981,7.142499999999996,7.099999999999998,6.896170212765955
600160,2020-01-08,7.24,7.04,7.24,7.04,7.25,293569.0,209011000.0,7.22,7.22,7.059999999999995,6.94,6.92,49.83,0.1,0.1,0.0,巨化股份,化学原料和化学制品制造业,主板,7.194999999999981,7.23249999999998,7.15583333333333,7.108749999999998,6.897446808510636
600160,2020-01-09,7.1,7.17,7.18,7.08,7.04,247939.0,176855000.0,7.19,7.23,7.078999999999995,6.96,6.92,54.89,0.09,0.09,0.0,巨化股份,化学原料和化学制品制造业,主板,7.169999999999981,7.231249999999981,7.191666666666664,7.119374999999998,6.90191489361702
600160,2020-01-10,7.18,7.09,7.18,7.08,7.17,183205.0,130290000.0,7.15,7.21,7.0899999999999945,6.98,6.92,51.45,0.08,0.09,-0.01,巨化股份,化学原料和化学制品制造业,主板,7.1374999999999815,7.20624999999998,7.205833333333331,7.126249999999998,6.90446808510638
600160,2020-01-13,7.12,7.22,7.22,7.06,7.09,190109.0,135808000.0,7.15,7.22,7.1059999999999945,7.0,6.93,56.24,0.08,0.09,-0.01,巨化股份,化学原料和化学制品制造业,主板,7.129999999999981,7.198749999999981,7.2208333333333306,7.139374999999998,6.90978723404255
600160,2020-01-14,7.24,7.14,7.24,7.13,7.22,178748.0,128195000.0,7.13,7.2,7.117999999999993,7.02,6.93,52.79,0.07,0.09,-0.02,巨化股份,化学原料和化学制品制造业,主板,7.154999999999982,7.174999999999981,7.2066666666666634,7.155624999999998,6.912978723404252
600160,2020-01-15,7.15,7.05,7.18,7.04,7.14,179174.0,126992000.0,7.13,7.18,7.1204999999999945,7.03,6.93,49.13,0.07,0.08,-0.01,巨化股份,化学原料和化学制品制造业,主板,7.1249999999999805,7.147499999999981,7.19583333333333,7.174999999999998,6.9138297872340395
600160,2020-01-16,7.06,7.09,7.16,7.02,7.05,192124.0,136391000.0,7.12,7.15,7.125999999999995,7.05,6.94,50.76,0.05,0.08,-0.03,巨化股份,化学原料和化学制品制造业,主板,7.12499999999998,7.131249999999982,7.179166666666664,7.185624999999998,6.919574468085103
600160,2020-01-17,7.12,7.27,7.37,7.12,7.09,476552.0,347143000.0,7.15,7.15,7.138999999999996,7.07,6.94,57.39,0.06,0.07,-0.01,巨化股份,化学原料和化学制品制造业,主板,7.13749999999998,7.133749999999981,7.17833333333333,7.1999999999999975,6.930212765957444
600160,2020-01-20,7.16,7.08,7.18,6.83,7.27,549482.0,383557000.0,7.13,7.14,7.1489999999999965,7.07,6.94,49.78,0.05,0.07,-0.02,巨化股份,化学原料和化学制品制造业,主板,7.122499999999979,7.138749999999981,7.157499999999996,7.185624999999997,6.936808510638295
600160,2020-01-21,7.01,7.05,7.11,6.96,7.08,216533.0,152164000.0,7.11,7.12,7.164499999999997,7.07,6.94,48.68,0.04,0.06,-0.02,巨化股份,化学原料和化学制品制造业,主板,7.122499999999978,7.123749999999982,7.1391666666666636,7.177499999999997,6.943829787234039
600160,2020-01-22,7.05,7.27,7.31,6.93,7.05,317298.0,227080000.0,7.15,7.14,7.181999999999998,7.09,6.94,56.29,0.05,0.06,-0.01,巨化股份,化学原料和化学制品制造业,主板,7.167499999999978,7.146249999999981,7.14333333333333,7.176249999999996,6.9574468085106345
600160,2020-01-23,7.25,6.97,7.28,6.91,7.27,285733.0,202543000.0,7.13,7.12,7.178499999999998,7.09,6.94,46.22,0.03,0.05,-0.02,巨化股份,化学原料和化学制品制造业,主板,7.092499999999979,7.114999999999981,7.1199999999999966,7.156874999999996,6.960425531914891
600160,2020-02-03,6.27,6.27,6.27,6.27,6.97,69432.0,43533900.0,6.93,7.04,7.126499999999998,7.07,6.93,31.89,-0.04,0.04,-0.08,巨化股份,化学原料和化学制品制造业,主板,6.889999999999979,7.00624999999998,7.055833333333329,7.090624999999996,6.9487234042553165
600160,2020-02-04,6.02,6.38,6.52,6.02,6.27,359095.0,228900000.0,6.79,6.96,7.086499999999998,7.06,6.92,35.28,-0.08,0.01,-0.09,巨化股份,化学原料和化学制品制造业,主板,6.72249999999998,6.922499999999981,6.989999999999995,7.034999999999996,6.939999999999997
600160,2020-02-05,6.41,6.6,6.68,6.32,6.38,385677.0,250872000.0,6.7,6.9,7.051999999999998,7.05,6.91,41.56,-0.1,-0.01,-0.09,巨化股份,化学原料和化学制品制造业,主板,6.554999999999979,6.8612499999999805,6.9491666666666605,6.996249999999995,6.936595744680848
600160,2020-02-06,6.61,6.9,7.03,6.56,6.6,515311.0,352240000.0,6.62,6.89,7.032999999999999,7.04,6.91,48.85,-0.09,-0.03,-0.06,巨化股份,化学原料和化学制品制造业,主板,6.53749999999998,6.81499999999998,6.922499999999995,6.974374999999996,6.941489361702124
600160,2020-02-07,6.96,6.78,7.09,6.7,6.9,428454.0,294053000.0,6.59,6.86,7.005499999999998,7.04,6.91,46.36,-0.09,-0.04,-0.05,巨化股份,化学原料和化学制品制造业,主板,6.6649999999999805,6.77749999999998,6.892499999999995,6.9581249999999955,6.941489361702124
600160,2020-02-10,6.81,6.72,6.9,6.65,6.78,325669.0,219540000.0,6.68,6.8,6.977999999999997,7.03,6.91,45.12,-0.09,-0.05,-0.04,巨化股份,化学原料和化学制品制造业,主板,6.749999999999981,6.7362499999999805,6.864999999999995,6.929999999999995,6.943191489361699
600160,2020-02-11,6.72,6.57,6.74,6.53,6.72,285719.0,188688000.0,6.71,6.75,6.945499999999997,7.02,6.9,42.09,-0.1,-0.06,-0.04,巨化股份,化学原料和化学制品制造业,主板,6.74249999999998,6.64874999999998,6.821666666666661,6.8974999999999955,6.941276595744678
600160,2020-02-12,6.59,6.64,6.65,6.56,6.57,187815.0,124268000.0,6.72,6.71,6.9149999999999965,7.01,6.9,43.98,-0.12,-0.07,-0.05,巨化股份,化学原料和化学制品制造业,主板,6.677499999999981,6.60749999999998,6.769166666666661,6.861249999999996,6.942765957446805
600160,2020-02-13,6.63,6.54,6.66,6.53,6.64,216357.0,142329000.0,6.65,6.64,6.889999999999996,7.0,6.89,41.88,-0.12,-0.08,-0.04,巨化股份,化学原料和化学制品制造业,主板,6.61749999999998,6.64124999999998,6.724166666666662,6.823749999999996,6.941914893617018
600160,2020-02-14,6.55,6.62,6.7,6.46,6.54,249187.0,163952000.0,6.62,6.6,6.862499999999997,6.99,6.89,44.18,-0.12,-0.09,-0.03,巨化股份,化学原料和化学制品制造业,主板,6.59249999999998,6.671249999999979,6.688333333333329,6.7968749999999964,6.94255319148936
600160,2020-02-17,6.68,6.78,6.8,6.66,6.62,328980.0,221696000.0,6.63,6.65,6.846999999999997,6.97,6.89,48.56,-0.11,-0.09,-0.02,巨化股份,化学原料和化学制品制造业,主板,6.64499999999998,6.693749999999979,6.647499999999996,6.777499999999996,6.946170212765955
600160,2020-02-18,6.75,7.01,7.08,6.73,6.78,576581.0,399422000.0,6.72,6.72,6.8364999999999965,6.96,6.9,54.13,-0.07,-0.09,0.02,巨化股份,化学原料和化学制品制造业,主板,6.737499999999979,6.707499999999979,6.65083333333333,6.761249999999997,6.954042553191487
600160,2020-02-19,7.08,7.71,7.71,6.93,7.01,1638340.0,1227300000.0,6.93,6.83,6.8649999999999975,6.98,6.91,66.15,0.0,-0.07,0.07,巨化股份,化学原料和化学制品制造业,主板,7.02999999999998,6.823749999999979,6.7708333333333295,6.800624999999997,6.975957446808507
600160,2020-02-20,7.69,7.53,7.69,7.39,7.71,1085670.0,818016000.0,7.13,6.89,6.888999999999998,6.99,6.92,61.67,0.06,-0.04,0.1,巨化股份,化学原料和化学制品制造业,主板,7.25749999999998,6.924999999999979,6.866666666666664,6.830624999999997,6.988085106382975
600160,2020-02-21,7.48,7.95,8.06,7.43,7.53,1259760.0,985343000.0,7.4,7.01,6.931999999999997,7.01,6.94,67.24,0.12,-0.01,0.13,巨化股份,化学原料和化学制品制造业,主板,7.549999999999979,7.09749999999998,6.979166666666664,6.873124999999997,7.009787234042549
600160,2020-02-24,8.68,8.74,8.75,8.28,7.95,2167700.0,1874880000.0,7.79,7.21,7.005499999999996,7.06,6.98,74.69,0.25,0.04,0.21,巨化股份,化学原料和化学制品制造业,主板,7.98249999999998,7.35999999999998,7.132499999999997,6.983749999999997,7.049787234042549
600160,2020-02-25,8.53,9.61,9.61,8.45,8.74,2481560.0,2264370000.0,8.31,7.51,7.131999999999995,7.13,7.02,80.07,0.4,0.11,0.29,巨化股份,化学原料和化学制品制造业,主板,8.45749999999998,7.74374999999998,7.36833333333333,7.192499999999997,7.109787234042549
600160,2020-02-26,9.46,8.9,9.79,8.66,9.61,1598330.0,1483990000.0,8.55,7.74,7.224499999999995,7.19,7.06,67.47,0.47,0.18,0.29,巨化股份,化学原料和化学制品制造业,主板,8.79999999999998,8.02874999999998,7.549999999999997,7.349999999999998,7.15297872340425
600160,2020-02-27,8.9,8.49,9.07,8.29,8.9,1180120.0,1015830000.0,8.74,7.93,7.2854999999999945,7.24,7.09,61.46,0.47,0.24,0.23,巨化股份,化学原料和化学制品制造业,主板,8.93499999999998,8.242499999999978,7.709999999999996,7.468124999999998,7.1868085106382935
600160,2020-02-28,8.08,8.25,8.64,8.06,8.49,1156390.0,968007000.0,8.8,8.1,7.349499999999995,7.27,7.12,58.19,0.46,0.28,0.18,巨化股份,化学原料和化学制品制造业,主板,8.812499999999979,8.397499999999978,7.844166666666663,7.5524999999999975,7.215531914893614
600160,2020-03-02,8.56,8.45,8.62,8.16,8.25,1056500.0,889557000.0,8.74,8.26,7.458499999999994,7.32,7.15,60.1,0.45,0.32,0.13,巨化股份,化学原料和化学制品制造业,主板,8.52249999999998,8.489999999999979,8.003333333333329,7.656874999999998,7.246382978723401
600160,2020-03-03,8.58,8.72,9.17,8.5,8.45,1190830.0,1047140000.0,8.56,8.43,7.575499999999994,7.37,7.18,62.57,0.47,0.35,0.12,巨化股份,化学原料和化学制品制造业,主板,8.47749999999998,8.638749999999979,8.17833333333333,7.781874999999998,7.283404255319145
600160,2020-03-04,8.55,8.28,8.71,8.1,8.72,910860.0,761615000.0,8.44,8.49,7.659499999999994,7.41,7.21,56.42,0.44,0.37,0.07,巨化股份,化学原料和化学制品制造业,主板,8.42499999999998,8.679999999999978,8.30333333333333,7.888749999999998,7.310425531914889
600160,2020-03-05,8.43,8.51,8.56,8.15,8.28,862326.0,719402000.0,8.44,8.59,7.739999999999993,7.46,7.24,58.71,0.44,0.38,0.06,巨化股份,化学原料和化学制品制造业,主板,8.489999999999979,8.65124999999998,8.42833333333333,8.005624999999998,7.345106382978719
600160,2020-03-06,8.33,8.25,8.45,8.25,8.51,471443.0,393259000.0,8.44,8.62,7.813499999999993,7.49,7.27,55.19,0.41,0.39,0.02,巨化股份,化学原料和化学制品制造业,主板,8.43999999999998,8.48124999999998,8.47333333333333,8.112499999999999,7.377234042553187
600160,2020-03-09,8.06,7.59,8.18,7.54,8.25,864883.0,677407000.0,8.27,8.5,7.856999999999994,7.51,7.29,47.41,0.32,0.37,-0.05,巨化股份,化学原料和化学制品制造业,主板,8.157499999999981,8.31749999999998,8.47833333333333,8.173124999999999,7.3914893617021225
600160,2020-03-10,7.45,7.84,7.88,7.41,7.59,732742.0,561992000.0,8.09,8.33,7.920499999999994,7.53,7.3,50.27,0.28,0.35,-0.07,巨化股份,化学原料和化学制品制造业,主板,8.047499999999982,8.23624999999998,8.469166666666663,8.239374999999999,7.408510638297866
600160,2020-03-11,7.85,7.58,7.93,7.54,7.84,646151.0,499211000.0,7.95,8.2,7.967499999999996,7.55,7.31,47.38,0.2,0.32,-0.12,巨化股份,化学原料和化学制品制造业,主板,7.814999999999982,8.15249999999998,8.372499999999997,8.275,7.414255319148929
600160,2020-03-12,7.44,7.59,7.72,7.24,7.58,670630.0,497228000.0,7.77,8.11,8.019999999999996,7.56,7.32,47.51,0.16,0.29,-0.13,巨化股份,化学原料和化学制品制造业,主板,7.649999999999981,8.04499999999998,8.204166666666664,8.2675,7.422978723404248
600160,2020-03-13,7.13,7.41,7.58,7.11,7.59,747743.0,549808000.0,7.6,8.02,8.059499999999996,7.57,7.33,45.42,0.1,0.25,-0.15,巨化股份,化学原料和化学制品制造业,主板,7.60499999999998,7.88124999999998,8.079999999999997,8.26,7.42553191489361
600160,2020-03-16,7.48,7.52,7.94,7.42,7.41,978058.0,749185000.0,7.59,7.93,8.096499999999995,7.62,7.34,46.95,0.07,0.22,-0.15,巨化股份,化学原料和化学制品制造业,主板,7.52499999999998,7.7862499999999795,7.999166666666663,8.233125000000001,7.430638297872333
600160,2020-03-17,7.55,7.87,7.88,7.38,7.52,806788.0,620411000.0,7.59,7.84,8.139499999999996,7.66,7.36,51.61,0.07,0.19,-0.12,巨化股份,化学原料和化学制品制造业,主板,7.597499999999981,7.70624999999998,7.967499999999997,8.17875,7.442127659574462
600160,2020-03-18,7.96,7.61,8.11,7.6,7.87,976444.0,766806000.0,7.6,7.78,8.134499999999997,7.7,7.37,48.22,0.04,0.16,-0.12,巨化股份,化学原料和化学制品制造业,主板,7.6024999999999805,7.626249999999981,7.897499999999996,8.05375,7.4493617021276535
600160,2020-03-19,7.66,7.88,7.92,7.48,7.61,790877.0,611049000.0,7.66,7.71,8.151999999999997,7.73,7.39,51.77,0.05,0.14,-0.09,巨化股份,化学原料和化学制品制造业,主板,7.71999999999998,7.66249999999998,7.827499999999996,7.99,7.463404255319142
600160,2020-03-20,7.97,8.01,8.3,7.93,7.88,970835.0,785889000.0,7.78,7.69,8.154999999999998,7.77,7.4,53.42,0.06,0.12,-0.06,巨化股份,化学原料和化学制品制造业,主板,7.842499999999981,7.68374999999998,7.804999999999996,7.96,7.4795744680851
600160,2020-03-23,7.69,7.21,7.76,7.21,8.01,810619.0,606426000.0,7.72,7.65,8.078499999999996,7.79,7.41,43.53,0.0,0.1,-0.1,巨化股份,化学原料和化学制品制造业,主板,7.67749999999998,7.63749999999998,7.696666666666662,7.895,7.483191489361695
600160,2020-03-24,7.35,7.24,7.39,6.95,7.21,679061.0,487354000.0,7.59,7.59,7.959999999999996,7.81,7.41,43.95,-0.04,0.07,-0.11,巨化股份,化学原料和化学制品制造业,主板,7.5849999999999795,7.593749999999979,7.6124999999999945,7.819375,7.484680851063822
600160,2020-03-25,7.36,7.3,7.44,7.2,7.24,535990.0,392487000.0,7.53,7.56,7.879999999999997,7.83,7.42,44.84,-0.06,0.04,-0.1,巨化股份,化学原料和化学制品制造业,主板,7.439999999999979,7.579999999999979,7.588333333333328,7.730625,7.4891489361702055
600160,2020-03-26,7.2,7.1,7.26,7.08,7.3,322236.0,230292000.0,7.37,7.51,7.810499999999996,7.85,7.43,42.44,-0.1,0.01,-0.11,巨化股份,化学原料和化学制品制造业,主板,7.212499999999979,7.5274999999999785,7.52666666666666,7.656874999999999,7.4865957446808435
600160,2020-03-27,7.16,7.04,7.2,7.01,7.1,284946.0,202319000.0,7.18,7.48,7.749999999999996,7.87,7.43,41.72,-0.13,-0.01,-0.12,巨化股份,化学原料和化学制品制造业,主板,7.169999999999979,7.42374999999998,7.481666666666661,7.564999999999999,7.484468085106377
600160,2020-03-30,6.89,6.77,6.95,6.68,7.04,343414.0,232998000.0,7.09,7.4,7.665999999999997,7.87,7.42,38.55,-0.17,-0.05,-0.12,巨化股份,化学原料和化学制品制造业,主板,7.052499999999979,7.31874999999998,7.413333333333327,7.472499999999998,7.478510638297865
600160,2020-03-31,6.89,6.78,6.93,6.76,6.77,220783.0,150791000.0,7.0,7.29,7.568999999999997,7.86,7.41,38.73,-0.21,-0.08,-0.13,巨化股份,化学原料和化学制品制造业,主板,6.922499999999979,7.18124999999998,7.360833333333328,7.421874999999998,7.471914893617014
600160,2020-04-01,6.71,6.85,6.96,6.71,6.78,279676.0,191354000.0,6.91,7.22,7.497499999999997,7.83,7.4,40.1,-0.22,-0.11,-0.11,巨化股份,化学原料和化学制品制造业,主板,6.859999999999978,7.03624999999998,7.3049999999999935,7.359999999999998,7.462978723404249
600160,2020-04-02,6.79,7.07,7.08,6.76,6.85,286805.0,199401000.0,6.9,7.14,7.425499999999997,7.81,7.4,44.3,-0.22,-0.13,-0.09,巨化股份,化学原料和化学制品制造业,主板,6.867499999999978,7.01874999999998,7.238333333333327,7.328124999999997,7.462765957446803
600160,2020-04-03,7.05,6.89,7.07,6.86,7.07,214379.0,148685000.0,6.87,7.02,7.357499999999996,7.78,7.39,41.72,-0.23,-0.15,-0.08,巨化股份,化学原料和化学制品制造业,主板,6.897499999999979,6.97499999999998,7.1783333333333275,7.284374999999997,7.459361702127653
600160,2020-04-07,7.03,7.09,7.15,6.98,6.89,284977.0,201524000.0,6.94,7.01,7.332499999999996,7.72,7.39,45.51,-0.21,-0.16,-0.05,巨化股份,化学原料和化学制品制造业,主板,6.974999999999978,6.948749999999981,7.1124999999999945,7.264374999999998,7.45553191489361
600160,2020-04-08,7.05,7.04,7.12,6.99,7.09,235957.0,166193000.0,6.99,6.99,7.292499999999995,7.64,7.39,44.73,-0.21,-0.17,-0.04,巨化股份,化学原料和化学制品制造业,主板,7.022499999999978,6.941249999999981,7.031666666666662,7.234374999999998,7.4570212765957375
600160,2020-04-09,7.07,7.06,7.11,7.02,7.04,196865.0,139083000.0,7.03,6.97,7.266499999999995,7.58,7.38,45.14,-0.19,-0.17,-0.02,巨化股份,化学原料和化学制品制造业,主板,7.019999999999978,6.943749999999981,7.019166666666663,7.183749999999998,7.4738297872340365
600160,2020-04-10,7.06,6.81,7.06,6.79,7.06,318552.0,219433000.0,6.98,6.94,7.227499999999995,7.52,7.38,41.07,-0.2,-0.18,-0.02,巨化股份,化学原料和化学制品制造业,主板,6.999999999999979,6.948749999999981,6.98333333333333,7.133749999999998,7.482978723404249
600160,2020-04-13,6.8,6.79,6.83,6.7,6.81,192609.0,130318000.0,6.96,6.91,7.196499999999995,7.47,7.37,40.75,-0.21,-0.19,-0.02,巨化股份,化学原料和化学制品制造业,主板,6.9249999999999785,6.949999999999981,6.94083333333333,7.065624999999999,7.487021276595739
600160,2020-04-14,6.88,7.12,7.13,6.85,6.79,368303.0,258773000.0,6.96,6.95,7.1764999999999946,7.43,7.37,47.89,-0.19,-0.19,0.0,巨化股份,化学原料和化学制品制造业,主板,6.944999999999979,6.98374999999998,6.942499999999998,7.009999999999999,7.491702127659568
600160,2020-04-15,7.12,7.03,7.17,7.02,7.12,226913.0,160781000.0,6.96,6.98,7.134499999999994,7.37,7.37,46.25,-0.17,-0.18,0.01,巨化股份,化学原料和化学制品制造业,主板,6.93749999999998,6.97874999999998,6.941666666666664,6.998749999999999,7.497021276595739
600160,2020-04-16,7.01,6.95,7.07,6.95,7.03,207584.0,145088000.0,6.94,6.98,7.101499999999993,7.33,7.37,44.79,-0.17,-0.18,0.01,巨化股份,化学原料和化学制品制造业,主板,6.97249999999998,6.9862499999999805,6.956666666666664,6.980625,7.501914893617014
600160,2020-04-17,7.02,6.97,7.16,6.94,6.95,289942.0,203974000.0,6.97,6.98,7.055999999999993,7.28,7.37,45.25,-0.16,-0.18,0.02,巨化股份,化学原料和化学制品制造业,主板,7.0174999999999805,6.97124999999998,6.9724999999999975,6.96,7.510425531914888
600160,2020-04-20,7.01,6.95,7.01,6.9,6.97,221286.0,153360000.0,7.0,6.98,7.002999999999993,7.23,7.36,44.85,-0.15,-0.17,0.02,巨化股份,化学原料和化学制品制造业,主板,6.974999999999981,6.95999999999998,6.980833333333332,6.9506250000000005,7.517021276595739
600160,2020-04-21,6.89,6.94,6.95,6.83,6.95,173712.0,119403000.0,6.97,6.97,6.9894999999999925,7.21,7.36,44.63,-0.15,-0.17,0.02,巨化股份,化学原料和化学制品制造业,主板,6.952499999999981,6.94499999999998,6.969999999999999,6.944375,7.525531914893611
600160,2020-04-22,6.88,6.98,7.01,6.85,6.94,177915.0,123676000.0,6.96,6.96,6.976499999999992,7.18,7.36,45.76,-0.14,-0.16,0.02,巨化股份,化学原料和化学制品制造业,主板,6.95999999999998,6.966249999999979,6.977499999999999,6.9575000000000005,7.5331914893616965
600160,2020-04-23,6.98,6.82,6.99,6.82,6.98,219847.0,150887000.0,6.93,6.94,6.952499999999991,7.16,7.35,42.06,-0.13,-0.16,0.03,巨化股份,化学原料和化学制品制造业,主板,6.922499999999982,6.969999999999979,6.954999999999998,6.960000000000001,7.534042553191484
600160,2020-04-24,6.82,6.72,6.86,6.69,6.82,211092.0,142663000.0,6.88,6.93,6.933499999999991,7.13,7.34,39.89,-0.15,-0.15,0.0,巨化股份,化学原料和化学制品制造业,主板,6.864999999999982,6.9199999999999795,6.928333333333331,6.951875000000001,7.527872340425527
600160,2020-04-27,6.73,6.62,6.75,6.6,6.72,139936.0,93292000.0,6.82,6.91,6.912499999999992,7.1,7.34,37.79,-0.16,-0.16,0.0,巨化股份,化学原料和化学制品制造业,主板,6.7849999999999815,6.868749999999979,6.891666666666665,6.923750000000002,7.504680851063825
600160,2020-04-28,6.5,6.28,6.53,6.1,6.62,341515.0,215379000.0,6.68,6.83,6.887999999999991,7.06,7.34,31.69,-0.19,-0.16,-0.03,巨化股份,化学原料和化学制品制造业,主板,6.609999999999981,6.784999999999979,6.8474999999999975,6.885625000000002,7.4780851063829745
600160,2020-04-29,6.29,6.19,6.35,6.15,6.28,170465.0,106237000.0,6.53,6.74,6.8584999999999905,7.0,7.33,30.29,-0.23,-0.18,-0.05,巨化股份,化学原料和化学制品制造业,主板,6.452499999999981,6.687499999999979,6.797499999999997,6.8293750000000015,7.440638297872336
600160,2020-04-30,6.22,6.44,6.45,6.2,6.19,216325.0,137266000.0,6.45,6.69,6.837999999999991,6.96,7.33,38.4,-0.23,-0.19,-0.04,巨化股份,化学原料和化学制品制造业,主板,6.382499999999981,6.623749999999978,6.74083333333333,6.791875000000001,7.3917021276595705
600160,2020-05-06,6.36,6.71,6.71,6.33,6.44,287249.0,188328000.0,6.45,6.67,6.819999999999991,6.93,7.33,45.75,-0.22,-0.19,-0.03,巨化股份,化学原料和化学制品制造业,主板,6.404999999999981,6.594999999999978,6.714166666666663,6.7700000000000005,7.329999999999995
600160,2020-05-07,6.63,6.6,6.75,6.59,6.71,196804.0,130981000.0,6.44,6.63,6.805499999999992,6.88,7.33,43.47,-0.21,-0.2,-0.01,巨化股份,化学原料和化学制品制造业,主板,6.48499999999998,6.547499999999978,6.684999999999995,6.756875,7.28106382978723
600160,2020-05-08,6.67,6.71,6.76,6.61,6.6,199194.0,133460000.0,6.53,6.61,6.786499999999992,6.86,7.33,46.35,-0.19,-0.2,0.01,巨化股份,化学原料和化学制品制造业,主板,6.61499999999998,6.533749999999978,6.663333333333328,6.751874999999999,7.243191489361697
600160,2020-05-11,6.75,6.69,6.85,6.62,6.71,210415.0,141550000.0,6.63,6.58,6.768999999999993,6.84,7.33,45.89,-0.16,-0.19,0.03,巨化股份,化学原料和化学制品制造业,主板,6.67749999999998,6.529999999999978,6.641666666666661,6.724999999999999,7.2099999999999955
600160,2020-05-12,6.7,6.82,6.89,6.66,6.69,247831.0,168724000.0,6.71,6.58,6.756999999999993,6.83,7.33,49.38,-0.14,-0.18,0.04,巨化股份,化学原料和化学制品制造业,主板,6.704999999999979,6.554999999999978,6.631666666666661,6.711874999999999,7.175319148936166
600160,2020-05-13,6.78,6.71,6.82,6.67,6.82,170782.0,114720000.0,6.71,6.58,6.751999999999993,6.81,7.33,46.64,-0.13,-0.17,0.04,巨化股份,化学原料和化学制品制造业,主板,6.732499999999979,6.608749999999978,6.60916666666666,6.696874999999999,7.132553191489356
600160,2020-05-14,6.69,6.55,6.7,6.53,6.71,198397.0,130600000.0,6.7,6.57,6.739999999999993,6.8,7.33,42.91,-0.13,-0.16,0.03,巨化股份,化学原料和化学制品制造业,主板,6.692499999999978,6.653749999999978,6.586666666666659,6.6706249999999985,7.095744680851059
600160,2020-05-15,6.69,6.77,7.07,6.69,6.55,435298.0,298913000.0,6.71,6.62,6.722499999999994,6.8,7.33,48.95,-0.11,-0.15,0.04,巨化股份,化学原料和化学制品制造业,主板,6.712499999999976,6.694999999999979,6.590833333333325,6.659374999999998,7.058723404255314
600160,2020-05-18,6.87,6.96,7.04,6.78,6.77,431907.0,299398000.0,6.76,6.7,6.718999999999994,6.8,7.33,53.53,-0.08,-0.14,0.06,巨化股份,化学原料和化学制品制造业,主板,6.747499999999976,6.726249999999979,6.619166666666658,6.660624999999998,7.031276595744675
600160,2020-05-19,6.99,7.06,7.18,6.85,6.96,457926.0,320801000.0,6.81,6.76,6.724499999999995,6.81,7.32,55.78,-0.05,-0.12,0.07,巨化股份,化学原料和化学制品制造业,主板,6.834999999999976,6.783749999999979,6.684166666666658,6.665624999999998,7.019999999999995
600160,2020-05-20,7.08,6.9,7.14,6.84,7.06,331638.0,231716000.0,6.85,6.78,6.720999999999995,6.81,7.31,51.49,-0.04,-0.1,0.06,巨化股份,化学原料和化学制品制造业,主板,6.9224999999999755,6.807499999999979,6.743333333333325,6.670624999999998,6.999999999999996
600160,2020-05-21,6.89,6.77,6.93,6.66,6.9,265297.0,179975000.0,6.89,6.79,6.711999999999996,6.8,7.29,48.24,-0.04,-0.09,0.05,巨化股份,化学原料和化学制品制造业,主板,6.9224999999999755,6.8174999999999795,6.770833333333325,6.673749999999997,6.982765957446803
600160,2020-05-22,6.76,6.61,6.81,6.59,6.77,200264.0,133518000.0,6.86,6.78,6.695499999999997,6.79,7.25,44.52,-0.04,-0.08,0.04,巨化股份,化学原料和化学制品制造业,主板,6.834999999999976,6.791249999999979,6.762499999999992,6.673124999999997,6.961914893617017
600160,2020-05-25,6.6,6.59,6.7,6.54,6.61,124213.0,82127500.0,6.79,6.77,6.6759999999999975,6.77,7.2,44.06,-0.06,-0.08,0.02,巨化股份,化学原料和化学制品制造业,主板,6.717499999999977,6.776249999999979,6.76166666666666,6.692499999999997,6.944468085106378
600160,2020-05-26,6.61,6.67,6.69,6.6,6.59,97085.7,64623800.0,6.71,6.76,6.668499999999997,6.76,7.17,46.43,-0.06,-0.07,0.01,巨化股份,化学原料和化学制品制造业,主板,6.659999999999977,6.791249999999979,6.758333333333327,6.7224999999999975,6.9263829787233995
600160,2020-05-27,6.68,6.56,6.69,6.55,6.67,147167.0,96986700.0,6.64,6.74,6.660499999999997,6.75,7.13,43.69,-0.07,-0.07,0.0,巨化股份,化学原料和化学制品制造业,主板,6.607499999999978,6.764999999999979,6.747499999999994,6.729999999999998,6.898510638297868
600160,2020-05-28,6.55,6.48,6.61,6.39,6.56,169795.0,110097000.0,6.58,6.74,6.653499999999997,6.74,7.11,41.76,-0.08,-0.07,-0.01,巨化股份,化学原料和化学制品制造业,主板,6.574999999999978,6.70499999999998,6.719166666666662,6.715624999999998,6.874468085106378
600160,2020-05-29,6.45,6.57,6.62,6.4,6.48,128177.0,84030400.0,6.57,6.72,6.667999999999997,6.72,7.07,44.72,-0.09,-0.08,-0.01,巨化股份,化学原料和化学制品制造业,主板,6.569999999999978,6.643749999999979,6.707499999999995,6.713749999999999,6.8465957446808465
600160,2020-06-01,6.66,6.78,6.82,6.61,6.57,242525.0,163565000.0,6.61,6.7,6.697499999999996,6.71,7.04,50.98,-0.07,-0.08,0.01,巨化股份,化学原料和化学制品制造业,主板,6.597499999999977,6.62874999999998,6.726666666666662,6.718125,6.820425531914889
600160,2020-06-02,6.85,6.9,6.93,6.77,6.78,263233.0,180399000.0,6.66,6.68,6.720499999999997,6.71,7.02,54.18,-0.04,-0.07,0.03,巨化股份,化学原料和化学制品制造业,主板,6.682499999999977,6.64499999999998,6.737499999999996,6.73125,6.813829787234038
600160,2020-06-03,6.88,6.8,6.93,6.8,6.9,226268.0,155313000.0,6.71,6.67,6.724999999999997,6.7,6.99,51.18,-0.04,-0.06,0.02,巨化股份,化学原料和化学制品制造业,主板,6.762499999999977,6.66874999999998,6.724166666666663,6.73,6.804468085106378
600160,2020-06-04,6.79,6.79,6.9,6.75,6.8,153605.0,104585000.0,6.77,6.68,6.734499999999997,6.7,6.97,50.88,-0.03,-0.06,0.03,巨化股份,化学原料和化学制品制造业,主板,6.817499999999978,6.69374999999998,6.7016666666666636,6.735000000000001,6.793617021276591
600160,2020-06-05,6.79,6.72,6.83,6.67,6.79,167192.0,112602000.0,6.8,6.69,6.734999999999997,6.69,6.95,48.71,-0.03,-0.05,0.02,巨化股份,化学原料和化学制品制造业,主板,6.802499999999977,6.69999999999998,6.686666666666663,6.745625000000001,6.785531914893612
600160,2020-06-08,6.75,6.73,6.86,6.71,6.72,153661.0,104160000.0,6.79,6.7,6.7369999999999965,6.68,6.93,49.04,-0.02,-0.04,0.02,巨化股份,化学原料和化学制品制造业,主板,6.7599999999999785,6.72124999999998,6.68333333333333,6.743125000000002,6.778936170212761
600160,2020-06-09,6.76,6.72,6.77,6.69,6.73,123400.0,82985600.0,6.75,6.7,6.731999999999997,6.68,6.92,48.7,-0.02,-0.04,0.02,巨化股份,化学原料和化学制品制造业,主板,6.739999999999978,6.751249999999979,6.692499999999996,6.728125000000002,6.777872340425528
600160,2020-06-10,6.72,6.62,6.72,6.58,6.72,182735.0,120897000.0,6.72,6.71,6.7274999999999965,6.68,6.9,45.3,-0.03,-0.04,0.01,巨化股份,化学原料和化学制品制造业,主板,6.6974999999999785,6.757499999999979,6.694999999999997,6.700625000000002,6.77446808510638
600160,2020-06-11,6.62,6.64,6.72,6.62,6.62,146835.0,97815900.0,6.69,6.73,6.731999999999995,6.68,6.89,46.11,-0.03,-0.04,0.01,巨化股份,化学原料和化学制品制造业,主板,6.677499999999979,6.739999999999979,6.692499999999996,6.684375000000002,6.769999999999996
600160,2020-06-12,6.4,6.46,6.52,6.4,6.64,126668.0,81818000.0,6.63,6.72,6.716499999999995,6.68,6.87,40.31,-0.05,-0.04,-0.01,巨化股份,化学原料和化学制品制造业,主板,6.609999999999979,6.684999999999979,6.684166666666663,6.665000000000002,6.757021276595741
600160,2020-06-15,6.43,6.41,6.5,6.4,6.46,114857.0,73938600.0,6.57,6.68,6.688999999999995,6.69,6.85,38.85,-0.07,-0.05,-0.02,巨化股份,化学原料和化学制品制造业,主板,6.532499999999979,6.636249999999979,6.678333333333328,6.652500000000002,6.746808510638295
600160,2020-06-16,6.45,6.51,6.52,6.44,6.41,113943.0,73818700.0,6.53,6.64,6.661499999999994,6.69,6.83,43.28,-0.07,-0.05,-0.02,巨化股份,化学原料和化学制品制造业,主板,6.504999999999979,6.601249999999979,6.673333333333329,6.647500000000002,6.73446808510638
600160,2020-06-17,6.51,6.49,6.55,6.45,6.51,115619.0,75070400.0,6.5,6.61,6.640999999999994,6.69,6.81,42.61,-0.07,-0.05,-0.02,巨化股份,化学原料和化学制品制造业,主板,6.467499999999978,6.572499999999979,6.6491666666666625,6.636250000000001,6.722765957446805
600160,2020-06-18,6.58,6.73,6.86,6.58,6.49,368741.0,249388000.0,6.52,6.6,6.638999999999993,6.69,6.78,52.12,-0.06,-0.06,0.0,巨化股份,化学原料和化学制品制造业,主板,6.534999999999977,6.5724999999999785,6.634999999999995,6.646875000000001,6.715744680851061
600160,2020-06-19,6.68,6.7,6.75,6.65,6.73,185649.0,124386000.0,6.57,6.6,6.6434999999999915,6.69,6.78,50.98,-0.05,-0.05,0.0,巨化股份,化学原料和化学制品制造业,主板,6.607499999999978,6.569999999999979,6.6266666666666625,6.660625000000001,6.713404255319146
600160,2020-06-22,6.69,6.77,6.89,6.69,6.7,301997.0,204879000.0,6.64,6.6,6.652499999999992,6.69,6.77,53.53,-0.03,-0.05,0.02,巨化股份,化学原料和化学制品制造业,主板,6.672499999999978,6.588749999999979,6.624999999999996,6.673125000000001,6.712978723404252
600160,2020-06-23,6.77,6.74,6.83,6.69,6.77,221395.0,149433000.0,6.69,6.61,6.6559999999999935,6.69,6.76,52.27,-0.02,-0.04,0.02,巨化股份,化学原料和化学制品制造业,主板,6.734999999999978,6.601249999999979,6.626666666666662,6.670625,6.7048936170212725
600160,2020-06-24,6.77,6.85,6.91,6.7,6.74,324132.0,221263000.0,6.76,6.63,6.6704999999999925,6.69,6.75,56.31,-0.01,-0.04,0.03,巨化股份,化学原料和化学制品制造业,主板,6.764999999999978,6.649999999999979,6.6366666666666605,6.6674999999999995,6.701063829787231
600160,2020-06-29,6.82,6.77,6.87,6.74,6.85,186716.0,126858000.0,6.77,6.64,6.684999999999993,6.7,6.75,52.81,0.0,-0.03,0.03,巨化股份,化学原料和化学制品制造业,主板,6.782499999999978,6.694999999999979,6.640833333333327,6.6656249999999995,6.697234042553188
600160,2020-06-30,6.83,6.89,6.93,6.78,6.77,274231.0,188171000.0,6.8,6.69,6.700999999999993,6.71,6.75,57.12,0.02,-0.02,0.04,巨化股份,化学原料和化学制品制造业,主板,6.812499999999978,6.742499999999979,6.663333333333327,6.671874999999999,6.695531914893613
600160,2020-07-01,6.99,6.82,6.99,6.73,6.89,259189.0,177602000.0,6.81,6.73,6.702999999999993,6.7,6.75,54.02,0.03,-0.01,0.04,巨化股份,化学原料和化学制品制造业,主板,6.8324999999999765,6.783749999999979,6.678333333333327,6.678125,6.692765957446805
600160,2020-07-02,6.83,7.0,7.02,6.76,6.82,393550.0,273131000.0,6.87,6.78,6.707999999999993,6.7,6.76,60.02,0.04,0.0,0.04,巨化股份,化学原料和化学制品制造业,主板,6.869999999999976,6.8174999999999795,6.7233333333333265,6.694999999999999,6.694042553191486
600160,2020-07-03,7.01,7.14,7.25,7.01,7.0,397379.0,283411000.0,6.92,6.84,6.724999999999992,6.71,6.76,63.96,0.07,0.01,0.06,巨化股份,化学原料和化学制品制造业,主板,6.962499999999976,6.872499999999979,6.7841666666666605,6.7212499999999995,6.697446808510634
600160,2020-07-06,7.24,7.54,7.55,7.24,7.14,600214.0,446219000.0,7.08,6.92,6.762499999999991,6.73,6.77,72.35,0.12,0.04,0.08,巨化股份,化学原料和化学制品制造业,主板,7.124999999999977,6.968749999999979,6.869999999999994,6.77875,6.712765957446805
600160,2020-07-07,7.73,7.44,7.91,7.44,7.54,814182.0,625956000.0,7.19,7.0,6.798499999999992,6.76,6.77,68.08,0.15,0.06,0.09,巨化股份,化学原料和化学制品制造业,主板,7.279999999999976,7.056249999999978,6.9491666666666605,6.828749999999999,6.7280851063829745
600160,2020-07-08,7.4,7.66,7.72,7.33,7.44,545405.0,409777000.0,7.36,7.09,6.844999999999992,6.8,6.78,71.99,0.19,0.08,0.11,巨化股份,化学原料和化学制品制造业,主板,7.444999999999975,7.157499999999978,7.02666666666666,6.90375,6.750212765957443
600160,2020-07-09,7.62,7.74,7.85,7.52,7.66,631013.0,484494000.0,7.5,7.18,6.895999999999992,6.83,6.8,73.28,0.23,0.11,0.12,巨化股份,化学原料和化学制品制造业,主板,7.594999999999976,7.278749999999979,7.113333333333326,6.9868749999999995,6.781276595744678
600160,2020-07-10,7.71,7.6,7.85,7.53,7.74,502880.0,385955000.0,7.6,7.26,6.944999999999991,6.87,6.81,67.46,0.24,0.14,0.1,巨化股份,化学原料和化学制品制造业,主板,7.609999999999976,7.367499999999978,7.182499999999993,7.054999999999999,6.811276595744678
600160,2020-07-13,7.56,8.1,8.13,7.52,7.6,803589.0,629214000.0,7.71,7.39,7.017999999999992,6.92,6.83,75.07,0.28,0.17,0.11,巨化股份,化学原料和化学制品制造业,主板,7.774999999999976,7.527499999999978,7.295833333333326,7.155624999999999,6.846595744680849
600160,2020-07-14,8.01,7.89,8.1,7.75,8.1,608474.0,481501000.0,7.8,7.49,7.089499999999991,6.97,6.84,67.89,0.31,0.2,0.11,巨化股份,化学原料和化学制品制造业,主板,7.832499999999976,7.638749999999977,7.382499999999993,7.228124999999999,6.871702127659573
600160,2020-07-15,7.95,7.6,8.04,7.57,7.89,462475.0,358039000.0,7.79,7.57,7.148999999999991,6.99,6.85,59.43,0.29,0.21,0.08,巨化股份,化学原料和化学制品制造业,主板,7.797499999999975,7.696249999999976,7.45166666666666,7.284374999999998,6.892978723404253
600160,2020-07-16,7.7,7.21,7.79,7.16,7.6,538144.0,401548000.0,7.68,7.59,7.183999999999992,7.0,6.86,50.34,0.24,0.22,0.02,巨化股份,化学原料和化学制品制造业,主板,7.699999999999974,7.654999999999975,7.4783333333333255,7.311874999999998,6.9036170212765935
600160,2020-07-17,7.23,7.1,7.3,7.02,7.21,338985.0,242374000.0,7.58,7.59,7.214499999999991,7.01,6.86,48.11,0.2,0.22,-0.02,巨化股份,化学原料和化学制品制造业,主板,7.449999999999974,7.612499999999976,7.501666666666658,7.334374999999998,6.912340425531913
600160,2020-07-20,7.17,7.45,7.47,7.11,7.1,393681.0,288621000.0,7.45,7.58,7.250499999999991,7.03,6.87,54.96,0.19,0.21,-0.02,巨化股份,化学原料和化学制品制造业,主板,7.339999999999975,7.586249999999977,7.539166666666659,7.371874999999998,6.9257446808510625
600160,2020-07-21,7.43,7.46,7.63,7.4,7.45,242962.0,182061000.0,7.36,7.58,7.288499999999992,7.06,6.88,55.14,0.18,0.2,-0.02,巨化股份,化学原料和化学制品制造业,主板,7.304999999999975,7.551249999999976,7.565833333333324,7.414999999999998,6.941702127659573
600160,2020-07-22,7.47,7.43,7.6,7.4,7.46,298367.0,223303000.0,7.33,7.56,7.3214999999999915,7.08,6.88,54.43,0.17,0.2,-0.03,巨化股份,化学原料和化学制品制造业,主板,7.359999999999975,7.529999999999975,7.556666666666657,7.448749999999998,6.960425531914892
600160,2020-07-23,7.39,7.32,7.46,7.14,7.43,330697.0,241092000.0,7.35,7.52,7.350499999999991,7.1,6.89,51.79,0.15,0.19,-0.04,巨化股份,化学原料和化学制品制造业,主板,7.414999999999974,7.432499999999975,7.546666666666657,7.479999999999999,6.972127659574467
600160,2020-07-24,7.28,7.08,7.39,6.92,7.32,384830.0,273860000.0,7.35,7.46,7.361999999999992,7.12,6.9,46.49,0.11,0.17,-0.06,巨化股份,化学原料和化学制品制造业,主板,7.322499999999974,7.331249999999976,7.498333333333324,7.4849999999999985,6.9746808510638285
600160,2020-07-27,7.05,7.0,7.08,6.9,7.08,209539.0,146276000.0,7.26,7.35,7.373499999999991,7.13,6.9,44.85,0.08,0.15,-0.07,巨化股份,化学原料和化学制品制造业,主板,7.207499999999973,7.256249999999976,7.436666666666658,7.4762499999999985,6.9734042553191475
600160,2020-07-28,7.1,7.03,7.16,6.98,7.0,164737.0,116503000.0,7.17,7.27,7.3804999999999925,7.15,6.92,45.62,0.05,0.13,-0.08,巨化股份,化学原料和化学制品制造业,主板,7.107499999999973,7.233749999999975,7.389166666666658,7.444374999999998,6.976170212765956
600160,2020-07-29,7.0,7.19,7.19,6.95,7.03,210448.0,149508000.0,7.12,7.23,7.398999999999992,7.18,6.93,49.7,0.04,0.11,-0.07,巨化股份,化学原料和化学制品制造业,主板,7.074999999999973,7.244999999999975,7.3133333333333255,7.428749999999998,6.9851063829787226
600160,2020-07-30,7.18,7.17,7.28,7.13,7.19,202957.0,146098000.0,7.09,7.22,7.407499999999992,7.2,6.95,49.2,0.03,0.1,-0.07,巨化股份,化学原料和化学制品制造业,主板,7.0974999999999735,7.209999999999974,7.253333333333326,7.3981249999999985,6.997021276595744
600160,2020-07-31,7.18,7.44,7.44,7.15,7.17,441103.0,323440000.0,7.17,7.26,7.422499999999992,7.23,6.96,55.64,0.05,0.09,-0.04,巨化股份,化学原料和化学制品制造业,主板,7.207499999999973,7.207499999999974,7.239999999999992,7.379374999999999,7.015106382978723
600160,2020-08-03,7.4,7.5,7.5,7.37,7.44,416716.0,310652000.0,7.27,7.26,7.4204999999999925,7.25,6.97,56.94,0.06,0.08,-0.02,巨化股份,化学原料和化学制品制造业,主板,7.324999999999973,7.216249999999975,7.26416666666666,7.373124999999999,7.0327659574468075
600160,2020-08-04,7.49,7.39,7.53,7.35,7.5,299516.0,222164000.0,7.34,7.26,7.417999999999992,7.28,6.98,53.82,0.07,0.08,-0.01,巨化股份,化学原料和化学制品制造业,主板,7.3749999999999725,7.224999999999974,7.288333333333327,7.328749999999999,7.050425531914892
600160,2020-08-05,7.51,7.44,7.56,7.38,7.39,294448.0,219495000.0,7.39,7.26,7.406999999999992,7.3,7.0,55.03,0.06,0.08,-0.02,巨化股份,化学原料和化学制品制造业,主板,7.442499999999972,7.269999999999975,7.287499999999993,7.300624999999999,7.070851063829786
600160,2020-08-06,7.45,7.32,7.46,7.22,7.44,329081.0,240593000.0,7.42,7.26,7.385999999999991,7.32,7.0,51.54,0.06,0.07,-0.01,巨化股份,化学原料和化学制品制造业,主板,7.412499999999972,7.309999999999974,7.275833333333328,7.283125,7.0868085106382965
600160,2020-08-07,7.3,7.11,7.31,7.07,7.32,281529.0,201315000.0,7.35,7.26,7.361499999999992,7.33,7.01,46.04,0.04,0.07,-0.03,巨化股份,化学原料和化学制品制造业,主板,7.314999999999973,7.319999999999974,7.24916666666666,7.276875,7.093829787234042
600160,2020-08-10,7.12,7.21,7.25,7.1,7.11,202480.0,145543000.0,7.29,7.28,7.316999999999993,7.34,7.02,48.84,0.02,0.06,-0.04,巨化股份,化学原料和化学制品制造业,主板,7.269999999999973,7.322499999999973,7.239999999999992,7.28375,7.100425531914893
600160,2020-08-11,7.24,7.07,7.24,7.05,7.21,204247.0,145633000.0,7.23,7.28,7.275999999999994,7.35,7.03,45.3,0.01,0.05,-0.04,巨化股份,化学原料和化学制品制造业,主板,7.177499999999973,7.309999999999972,7.239166666666659,7.260000000000001,7.1061702127659565
600160,2020-08-12,7.07,7.05,7.1,6.92,7.07,207341.0,145094000.0,7.15,7.27,7.248499999999995,7.36,7.03,44.8,-0.01,0.04,-0.05,巨化股份,化学原料和化学制品制造业,主板,7.109999999999973,7.261249999999972,7.243333333333325,7.234375000000001,7.111702127659573
600160,2020-08-13,7.1,7.17,7.32,7.09,7.05,237856.0,171602000.0,7.12,7.27,7.246499999999993,7.36,7.03,48.47,-0.01,0.03,-0.04,巨化股份,化学原料和化学制品制造业,主板,7.124999999999973,7.219999999999972,7.254999999999992,7.218125000000001,7.121276595744679
600160,2020-08-14,7.18,7.18,7.19,7.06,7.17,155440.0,110755000.0,7.14,7.24,7.2504999999999935,7.36,7.04,48.78,-0.01,0.02,-0.03,巨化股份,化学原料和化学制品制造业,主板,7.117499999999973,7.193749999999971,7.254166666666658,7.209375000000001,7.130851063829786
600160,2020-08-17,7.18,7.3,7.32,7.13,7.18,262616.0,190311000.0,7.15,7.22,7.242999999999995,7.36,7.04,52.43,-0.01,0.01,-0.02,巨化股份,化学原料和化学制品制造业,主板,7.174999999999972,7.176249999999971,7.264999999999991,7.223125000000001,7.1431914893617
600160,2020-08-18,7.27,7.35,7.37,7.23,7.3,239814.0,175253000.0,7.21,7.22,7.2374999999999945,7.35,7.06,53.9,0.0,0.01,-0.01,巨化股份,化学原料和化学制品制造业,主板,7.2499999999999725,7.17999999999997,7.2574999999999905,7.245000000000001,7.158723404255317
600160,2020-08-19,7.34,7.3,7.39,7.26,7.35,244591.0,178858000.0,7.26,7.21,7.2309999999999945,7.34,7.07,52.16,0.01,0.01,0.0,巨化股份,化学原料和化学制品制造业,主板,7.282499999999972,7.203749999999971,7.240833333333324,7.261875000000001,7.172765957446807
600160,2020-08-20,7.26,7.49,7.53,7.22,7.3,492888.0,367402000.0,7.32,7.22,7.239499999999995,7.33,7.08,57.75,0.03,0.01,0.02,巨化股份,化学原料和化学制品制造业,主板,7.359999999999973,7.23874999999997,7.249166666666657,7.280625000000001,7.194680851063829
600160,2020-08-21,7.34,7.14,7.39,7.09,7.49,526696.0,379883000.0,7.32,7.23,7.242499999999994,7.32,7.09,46.89,0.01,0.01,0.0,巨化股份,化学原料和化学制品制造业,主板,7.319999999999973,7.247499999999969,7.224166666666657,7.2787500000000005,7.210212765957445
600160,2020-08-24,7.11,7.18,7.21,6.96,7.14,257322.0,181943000.0,7.29,7.22,7.251499999999995,7.29,7.1,48.09,0.01,0.01,0.0,巨化股份,化学原料和化学制品制造业,主板,7.277499999999973,7.26374999999997,7.2124999999999915,7.262500000000001,7.224468085106382
600160,2020-08-25,7.15,7.13,7.19,7.08,7.18,162136.0,115486000.0,7.25,7.23,7.256499999999994,7.26,7.11,46.67,-0.01,0.01,-0.02,巨化股份,化学原料和化学制品制造业,主板,7.234999999999974,7.258749999999969,7.2141666666666575,7.239375000000001,7.238085106382978
600160,2020-08-26,7.1,7.01,7.14,7.0,7.13,158155.0,111696000.0,7.19,7.22,7.247499999999993,7.24,7.12,43.36,-0.02,0.0,-0.02,巨化股份,化学原料和化学制品制造业,主板,7.114999999999974,7.23749999999997,7.197499999999992,7.215625000000001,7.244042553191488
600160,2020-08-27,7.03,7.04,7.09,7.0,7.01,102517.0,72277400.0,7.1,7.21,7.240999999999994,7.24,7.12,44.42,-0.04,-0.01,-0.03,巨化股份,化学原料和化学制品制造业,主板,7.089999999999973,7.20499999999997,7.194999999999993,7.190625000000002,7.25127659574468
600160,2020-08-28,7.04,7.09,7.09,6.96,7.04,139642.0,98132000.0,7.09,7.2,7.223499999999994,7.23,7.12,46.23,-0.04,-0.01,-0.03,巨化股份,化学原料和化学制品制造业,主板,7.067499999999972,7.17249999999997,7.198333333333327,7.176250000000001,7.258085106382977
600160,2020-08-31,7.11,7.0,7.16,7.0,7.09,168058.0,119017000.0,7.05,7.17,7.198499999999994,7.22,7.13,43.48,-0.04,-0.02,-0.02,巨化股份,化学原料和化学制品制造业,主板,7.034999999999973,7.134999999999971,7.18416666666666,7.169375000000001,7.263617021276594
600160,2020-09-01,7.0,6.98,7.01,6.95,7.0,114602.0,79955400.0,7.02,7.14,7.177999999999995,7.2,7.13,42.87,-0.06,-0.03,-0.03,巨化股份,化学原料和化学制品制造业,主板,7.027499999999973,7.071249999999972,7.167499999999994,7.155000000000002,7.266382978723403
600160,2020-09-02,7.0,7.05,7.09,6.92,6.98,179143.0,125256000.0,7.03,7.11,7.158499999999995,7.19,7.14,45.74,-0.06,-0.03,-0.03,巨化股份,化学原料和化学制品制造业,主板,7.029999999999973,7.059999999999971,7.146666666666661,7.153750000000002,7.2723404255319135
600160,2020-09-03,7.02,7.02,7.15,7.0,7.05,158646.0,111877000.0,7.03,7.06,7.143499999999996,7.18,7.14,44.7,-0.06,-0.04,-0.02,巨化股份,化学原料和化学制品制造业,主板,7.012499999999972,7.039999999999972,7.119166666666661,7.151875000000002,7.275106382978723
600160,2020-09-04,6.91,6.94,6.98,6.91,7.02,141684.0,98375700.0,7.0,7.04,7.134999999999995,7.18,7.15,41.98,-0.06,-0.04,-0.02,巨化股份,化学原料和化学制品制造业,主板,6.997499999999972,7.016249999999971,7.089166666666661,7.137500000000002,7.2776595744680845
600160,2020-09-07,6.95,6.8,7.0,6.79,6.94,226764.0,156208000.0,6.96,7.01,7.114499999999995,7.17,7.15,37.65,-0.08,-0.05,-0.03,巨化股份,化学原料和化学制品制造业,主板,6.952499999999971,6.989999999999971,7.031666666666662,7.113750000000001,7.273404255319148
600160,2020-09-08,6.83,6.82,6.86,6.75,6.8,136911.0,93036400.0,6.93,6.98,7.101999999999995,7.16,7.16,38.62,-0.1,-0.06,-0.04,巨化股份,化学原料和化学制品制造业,主板,6.89499999999997,6.962499999999971,7.004999999999995,7.083750000000001,7.266595744680851
600160,2020-09-09,6.76,6.71,6.81,6.66,6.82,154315.0,103844000.0,6.86,6.94,7.0849999999999955,7.15,7.16,35.35,-0.11,-0.07,-0.04,巨化股份,化学原料和化学制品制造业,主板,6.81749999999997,6.914999999999971,6.965833333333326,7.043750000000001,7.248936170212764
600160,2020-09-10,6.75,6.56,6.78,6.5,6.71,188443.0,124950000.0,6.77,6.9,7.0544999999999956,7.13,7.16,31.44,-0.13,-0.08,-0.05,巨化股份,化学原料和化学制品制造业,主板,6.722499999999969,6.859999999999971,6.918333333333327,6.997500000000001,7.230212765957446
600160,2020-09-11,6.51,6.57,6.63,6.51,6.56,100662.0,66112600.0,6.69,6.85,7.023999999999996,7.1,7.16,31.98,-0.15,-0.1,-0.05,巨化股份,化学原料和化学制品制造业,主板,6.66499999999997,6.808749999999971,6.88166666666666,6.940000000000002,7.207021276595743
600160,2020-09-14,6.59,6.56,6.64,6.52,6.57,114098.0,74940400.0,6.64,6.8,6.986999999999995,7.07,7.16,31.72,-0.16,-0.11,-0.05,巨化股份,化学原料和化学制品制造业,主板,6.5999999999999694,6.747499999999972,6.841666666666659,6.903750000000002,7.181914893617019
600160,2020-09-15,6.59,6.63,6.63,6.5,6.56,137980.0,90421200.0,6.61,6.77,6.950999999999995,7.04,7.16,35.79,-0.16,-0.12,-0.04,巨化股份,化学原料和化学制品制造业,主板,6.57999999999997,6.698749999999972,6.803333333333325,6.869375000000002,7.1612765957446785
600160,2020-09-16,6.63,6.65,6.66,6.56,6.63,148936.0,98482100.0,6.59,6.73,6.9184999999999945,7.01,7.16,36.94,-0.16,-0.13,-0.03,巨化股份,化学原料和化学制品制造业,主板,6.60249999999997,6.662499999999972,6.774166666666659,6.839375000000002,7.13042553191489
600160,2020-09-17,6.64,6.79,6.89,6.58,6.65,236075.0,159748000.0,6.64,6.7,6.8834999999999935,7.0,7.16,44.48,-0.14,-0.13,-0.01,巨化股份,化学原料和化学制品制造业,主板,6.65749999999997,6.661249999999972,6.758333333333326,6.825625000000002,7.1070212765957415
600160,2020-09-18,6.8,6.83,6.92,6.75,6.79,196985.0,134420000.0,6.69,6.69,6.867999999999995,6.99,7.16,46.45,-0.13,-0.13,0.0,巨化股份,化学原料和化学制品制造业,主板,6.72499999999997,6.662499999999972,6.739999999999992,6.812500000000002,7.090638297872337
600160,2020-10-13,7.51,7.04,7.51,7.0,6.83,670163.0,485488000.0,6.79,6.72,6.860999999999994,6.98,7.16,55.4,-0.1,-0.12,0.02,巨化股份,化学原料和化学制品制造业,主板,6.827499999999971,6.703749999999972,6.74166666666666,6.809375000000002,7.087021276595742
600160,2020-10-14,7.01,7.11,7.25,6.86,7.04,336081.0,236595000.0,6.88,6.74,6.859999999999995,6.98,7.17,57.92,-0.06,-0.11,0.05,巨化股份,化学原料和化学制品制造业,主板,6.942499999999972,6.7724999999999715,6.755833333333327,6.816250000000002,7.087234042553188
600160,2020-10-15,7.06,6.98,7.13,6.98,7.11,148200.0,104027000.0,6.95,6.77,6.858499999999995,6.98,7.17,52.04,-0.05,-0.1,0.05,巨化股份,化学原料和化学制品制造业,主板,6.989999999999972,6.823749999999971,6.770833333333328,6.816250000000002,7.077234042553189
600160,2020-10-16,6.97,6.83,7.0,6.8,6.98,172084.0,118375000.0,6.96,6.8,6.847999999999996,6.97,7.17,46.2,-0.05,-0.09,0.04,巨化股份,化学原料和化学制品制造业,主板,6.989999999999972,6.857499999999971,6.771666666666661,6.802500000000002,7.06382978723404
600160,2020-10-19,6.84,6.82,6.93,6.79,6.83,95741.3,65609700.0,6.96,6.82,6.834499999999996,6.96,7.16,45.83,-0.05,-0.08,0.03,巨化股份,化学原料和化学制品制造业,主板,6.934999999999972,6.88124999999997,6.7808333333333275,6.790000000000002,7.050851063829785
600160,2020-10-20,6.8,6.82,6.83,6.73,6.82,69962.5,47494300.0,6.91,6.85,6.8254999999999955,6.94,7.15,45.83,-0.05,-0.07,0.02,巨化股份,化学原料和化学制品制造业,主板,6.862499999999972,6.9024999999999705,6.802499999999995,6.782500000000002,7.0402127659574445
600160,2020-10-21,6.83,6.92,7.04,6.8,6.82,164069.0,113809000.0,6.87,6.88,6.822499999999995,6.93,7.14,50.42,-0.04,-0.07,0.03,巨化股份,化学原料和化学制品制造业,主板,6.847499999999973,6.918749999999971,6.831666666666661,6.790000000000003,7.036808510638296
600160,2020-10-22,6.87,6.85,6.9,6.76,6.92,82667.1,56499700.0,6.85,6.9,6.812499999999995,6.91,7.13,47.39,-0.04,-0.06,0.02,巨化股份,化学原料和化学制品制造业,主板,6.8524999999999725,6.921249999999971,6.855833333333327,6.791875000000003,7.033617021276594
600160,2020-10-23,6.81,6.79,6.86,6.78,6.85,96897.6,65992600.0,6.84,6.9,6.800999999999993,6.89,7.11,44.9,-0.04,-0.06,0.02,巨化股份,化学原料和化学制品制造业,主板,6.844999999999972,6.889999999999971,6.869166666666661,6.7968750000000036,7.028510638297872
600160,2020-10-26,6.76,6.73,6.82,6.68,6.79,84554.6,56935700.0,6.82,6.89,6.790499999999993,6.88,7.1,42.5,-0.05,-0.06,0.01,巨化股份,化学原料和化学制品制造业,主板,6.822499999999971,6.842499999999971,6.875833333333328,6.807500000000004,7.0187234042553195
600160,2020-10-27,6.71,6.78,6.83,6.69,6.73,80645.1,54524800.0,6.81,6.86,6.789499999999992,6.86,7.07,45.14,-0.05,-0.06,0.01,巨化股份,化学原料和化学制品制造业,主板,6.787499999999971,6.817499999999971,6.874999999999994,6.820625000000003,7.010425531914892
600160,2020-10-28,6.8,6.8,6.82,6.73,6.78,68243.3,46267000.0,6.79,6.83,6.788499999999994,6.85,7.06,46.2,-0.05,-0.05,0.0,巨化股份,化学原料和化学制品制造业,主板,6.77499999999997,6.81374999999997,6.872499999999994,6.835625000000003,6.996808510638298
600160,2020-10-29,6.74,6.78,6.86,6.63,6.8,138996.0,93896000.0,6.78,6.81,6.791999999999993,6.84,7.04,45.25,-0.05,-0.05,0.0,巨化股份,化学原料和化学制品制造业,主板,6.772499999999971,6.8087499999999705,6.850833333333327,6.845000000000003,6.981489361702127
600160,2020-10-30,6.72,6.67,6.77,6.57,6.78,162315.0,107953000.0,6.75,6.8,6.797499999999992,6.83,7.03,40.37,-0.06,-0.05,-0.01,巨化股份,化学原料和化学制品制造业,主板,6.757499999999971,6.789999999999971,6.814166666666661,6.846250000000003,6.966170212765957
600160,2020-11-02,6.65,6.66,6.7,6.59,6.67,83723.3,55580700.0,6.74,6.78,6.8019999999999925,6.82,7.03,39.95,-0.06,-0.06,0.0,巨化股份,化学原料和化学制品制造业,主板,6.727499999999971,6.75749999999997,6.787499999999993,6.8381250000000025,6.949574468085106
600160,2020-11-03,6.66,6.82,6.84,6.65,6.66,114441.0,77478200.0,6.75,6.78,6.814999999999992,6.81,7.02,49.12,-0.05,-0.05,0.0,巨化股份,化学原料和化学制品制造业,主板,6.732499999999971,6.75374999999997,6.786666666666661,6.837500000000003,6.938936170212766
600160,2020-11-04,6.8,6.83,6.89,6.76,6.82,128141.0,87521600.0,6.75,6.77,6.824999999999993,6.81,7.0,49.63,-0.04,-0.05,0.01,巨化股份,化学原料和化学制品制造业,主板,6.744999999999971,6.75874999999997,6.787499999999994,6.8243750000000025,6.932978723404255
600160,2020-11-05,6.87,6.87,6.9,6.81,6.83,126579.0,86859600.0,6.77,6.77,6.835999999999993,6.8,7.0,51.75,-0.04,-0.05,0.01,巨化股份,化学原料和化学制品制造业,主板,6.79499999999997,6.776249999999969,6.791666666666662,6.809375000000003,6.925744680851063
600160,2020-11-06,6.84,6.88,6.89,6.76,6.87,124651.0,85100400.0,6.81,6.78,6.840499999999993,6.79,6.99,52.29,-0.03,-0.05,0.02,巨化股份,化学原料和化学制品制造业,主板,6.84999999999997,6.788749999999969,6.788333333333328,6.803125000000002,6.921702127659574
600160,2020-11-09,6.88,6.85,6.99,6.83,6.88,315699.0,217658000.0,6.85,6.79,6.841499999999992,6.79,6.98,50.47,-0.02,-0.04,0.02,巨化股份,化学原料和化学制品制造业,主板,6.85749999999997,6.79499999999997,6.788333333333328,6.804375000000002,6.917446808510638
600160,2020-11-10,6.86,7.03,7.07,6.81,6.85,370400.0,257960000.0,6.89,6.82,6.840999999999992,6.8,6.98,59.57,0.0,-0.03,0.03,巨化股份,化学原料和化学制品制造业,主板,6.90749999999997,6.82624999999997,6.808333333333327,6.817500000000003,6.914468085106382
600160,2020-11-11,6.96,6.99,7.12,6.95,7.03,201963.0,142138000.0,6.92,6.84,6.834999999999992,6.81,6.98,57.06,0.01,-0.02,0.03,巨化股份,化学原料和化学制品制造业,主板,6.937499999999971,6.86624999999997,6.829999999999994,6.828125000000002,6.910425531914893
600160,2020-11-12,7.02,7.06,7.07,6.94,6.99,112714.0,78991500.0,6.96,6.87,6.838999999999993,6.82,6.98,60.22,0.02,-0.02,0.04,巨化股份,化学原料和化学制品制造业,主板,6.982499999999971,6.91624999999997,6.853333333333327,6.836875000000002,6.90531914893617
600160,2020-11-13,7.03,6.94,7.03,6.9,7.06,143307.0,99728400.0,6.97,6.89,6.844499999999992,6.83,6.98,53.02,0.03,-0.01,0.04,巨化股份,化学原料和化学制品制造业,主板,7.004999999999971,6.931249999999969,6.864999999999994,6.842500000000002,6.89659574468085
600160,2020-11-16,6.94,7.29,7.35,6.91,6.94,493391.0,356295000.0,7.06,6.96,6.867999999999992,6.85,6.98,65.85,0.06,0.01,0.05,巨化股份,化学原料和化学制品制造业,主板,7.06999999999997,6.988749999999969,6.907499999999994,6.873750000000002,6.896382978723403
600160,2020-11-17,7.25,7.34,7.39,7.23,7.29,318427.0,233055000.0,7.12,7.01,6.893999999999993,6.88,6.97,67.22,0.08,0.02,0.06,巨化股份,化学原料和化学制品制造业,主板,7.157499999999969,7.04749999999997,6.963333333333328,6.911875000000002,6.8931914893617
600160,2020-11-18,7.4,7.54,7.57,7.27,7.34,439180.0,327574000.0,7.23,7.08,6.924999999999993,6.91,6.98,72.07,0.11,0.04,0.07,巨化股份,化学原料和化学制品制造业,主板,7.277499999999969,7.12999999999997,7.036666666666662,6.959375000000002,6.901702127659573
600160,2020-11-19,7.6,7.65,7.84,7.51,7.54,617650.0,473411000.0,7.35,7.16,6.964999999999994,6.94,6.98,74.32,0.15,0.06,0.09,巨化股份,化学原料和化学制品制造业,主板,7.454999999999969,7.229999999999969,7.1058333333333294,7.012500000000003,6.911702127659573
600160,2020-11-20,7.62,7.93,7.94,7.52,7.65,610566.0,474218000.0,7.55,7.26,7.021999999999994,6.98,6.99,78.97,0.2,0.09,0.11,巨化股份,化学原料和化学制品制造业,主板,7.614999999999968,7.342499999999969,7.197499999999997,7.084375000000003,6.928723404255318
600160,2020-11-23,8.0,8.21,8.29,7.92,7.93,770365.0,626365000.0,7.73,7.4,7.095999999999995,7.03,7.01,82.4,0.25,0.12,0.13,巨化股份,化学原料和化学制品制造业,主板,7.8324999999999685,7.49499999999997,7.309166666666663,7.180625000000004,6.954255319148934
600160,2020-11-24,8.19,8.33,8.43,8.16,8.21,527328.0,437925000.0,7.93,7.53,7.173499999999995,7.07,7.03,83.63,0.31,0.16,0.15,巨化股份,化学原料和化学制品制造业,主板,8.02999999999997,7.65374999999997,7.429999999999996,7.285000000000004,6.981702127659572
600160,2020-11-25,8.33,8.16,8.42,8.15,8.33,486154.0,401131000.0,8.06,7.64,7.241499999999995,7.1,7.04,75.56,0.33,0.19,0.14,巨化股份,化学原料和化学制品制造业,主板,8.157499999999969,7.80624999999997,7.539166666666663,7.368750000000004,7.004468085106382
600160,2020-11-26,8.17,8.08,8.22,7.98,8.16,397887.0,321350000.0,8.14,7.75,7.306499999999995,7.14,7.06,72.04,0.34,0.22,0.12,巨化股份,化学原料和化学制品制造业,主板,8.194999999999968,7.90499999999997,7.6266666666666625,7.446875000000004,7.0274468085106365
600160,2020-11-27,8.07,8.03,8.19,7.88,8.08,340014.0,272528000.0,8.16,7.86,7.374499999999996,7.18,7.08,69.85,0.34,0.25,0.09,巨化股份,化学原料和化学制品制造业,主板,8.149999999999968,7.991249999999969,7.71333333333333,7.519375000000004,7.04978723404255
600160,2020-11-30,8.04,7.89,8.14,7.89,8.03,309563.0,247490000.0,8.1,7.92,7.4359999999999955,7.22,7.09,63.98,0.32,0.26,0.06,巨化股份,化学原料和化学制品制造业,主板,8.039999999999969,8.034999999999968,7.782499999999996,7.582500000000003,7.067659574468082
600160,2020-12-01,7.9,7.94,7.97,7.84,7.89,217502.0,172100000.0,8.02,7.98,7.4919999999999956,7.25,7.1,65.11,0.31,0.27,0.04,巨化股份,化学原料和化学制品制造业,主板,7.984999999999968,8.071249999999967,7.86583333333333,7.650625000000003,7.087234042553188
600160,2020-12-02,7.92,7.65,7.94,7.56,7.94,534149.0,410398000.0,7.92,7.99,7.532999999999996,7.28,7.1,54.46,0.27,0.27,0.0,巨化股份,化学原料和化学制品制造业,主板,7.877499999999969,8.036249999999967,7.8958333333333295,7.689375000000004,7.102340425531911
600160,2020-12-03,7.64,7.48,7.65,7.44,7.65,250524.0,188669000.0,7.8,7.97,7.563499999999995,7.3,7.11,49.36,0.23,0.26,-0.03,巨化股份,化学原料和化学制品制造业,主板,7.73999999999997,7.944999999999967,7.907499999999996,7.720000000000003,7.116808510638294
600160,2020-12-04,7.51,7.53,7.58,7.44,7.48,170766.0,128160000.0,7.7,7.93,7.595999999999995,7.32,7.11,50.82,0.19,0.25,-0.06,巨化股份,化学原料和化学制品制造业,主板,7.64999999999997,7.844999999999967,7.906666666666663,7.749375000000002,7.131914893617018
600160,2020-12-07,7.56,7.49,7.62,7.44,7.53,204687.0,154168000.0,7.62,7.86,7.627999999999996,7.35,7.11,49.59,0.17,0.23,-0.06,巨化股份,化学原料和化学制品制造业,主板,7.53749999999997,7.761249999999967,7.893333333333328,7.783750000000003,7.148510638297869
600160,2020-12-08,7.5,7.53,7.6,7.47,7.49,140739.0,106026000.0,7.54,7.78,7.652999999999996,7.38,7.12,50.87,0.13,0.21,-0.08,巨化股份,化学原料和化学制品制造业,主板,7.50749999999997,7.692499999999967,7.859999999999995,7.798750000000003,7.169148936170209
600160,2020-12-09,7.52,7.3,7.52,7.26,7.53,193408.0,142482000.0,7.47,7.69,7.668499999999996,7.39,7.12,43.95,0.1,0.19,-0.09,巨化股份,化学原料和化学制品制造业,主板,7.462499999999969,7.6012499999999665,7.784166666666661,7.796250000000002,7.184680851063827
600160,2020-12-10,7.35,7.39,7.59,7.31,7.3,232706.0,172584000.0,7.45,7.62,7.684999999999995,7.41,7.13,46.99,0.08,0.17,-0.09,巨化股份,化学原料和化学制品制造业,主板,7.427499999999968,7.5387499999999665,7.705833333333328,7.786875000000001,7.2023404255319114
600160,2020-12-11,7.37,7.5,7.57,7.3,7.39,321769.0,239650000.0,7.44,7.57,7.712999999999996,7.44,7.14,50.52,0.07,0.15,-0.08,巨化股份,化学原料和化学制品制造业,主板,7.429999999999968,7.483749999999967,7.6508333333333285,7.777500000000002,7.220851063829784
600160,2020-12-14,7.6,7.49,7.61,7.31,7.5,256245.0,190059000.0,7.44,7.53,7.722999999999996,7.47,7.14,50.19,0.06,0.13,-0.07,巨化股份,化学原料和化学制品制造业,主板,7.419999999999968,7.463749999999966,7.601666666666662,7.750000000000002,7.238723404255316
600160,2020-12-15,7.55,7.55,7.7,7.43,7.49,385392.0,290880000.0,7.45,7.49,7.733499999999997,7.49,7.15,52.19,0.05,0.11,-0.06,巨化股份,化学原料和化学制品制造业,主板,7.482499999999967,7.472499999999966,7.561666666666661,7.708750000000002,7.254893617021273
600160,2020-12-16,7.53,7.91,8.3,7.45,7.55,672039.0,529620000.0,7.57,7.52,7.751999999999997,7.53,7.17,62.04,0.07,0.11,-0.04,巨化股份,化学原料和化学制品制造业,主板,7.612499999999967,7.519999999999966,7.563333333333328,7.682500000000002,7.27787234042553
600160,2020-12-17,7.9,8.1,8.12,7.84,7.91,475336.0,380722000.0,7.71,7.58,7.774499999999996,7.57,7.18,66.02,0.11,0.11,0.0,巨化股份,化学原料和化学制品制造业,主板,7.762499999999967,7.596249999999965,7.576666666666661,7.678750000000003,7.300425531914891
600160,2020-12-18,8.06,8.27,8.38,8.02,8.1,541028.0,444438000.0,7.86,7.65,7.7914999999999965,7.61,7.2,69.14,0.15,0.12,0.03,巨化股份,化学原料和化学制品制造业,主板,7.957499999999966,7.688749999999965,7.628333333333327,7.690625000000003,7.325106382978721
600160,2020-12-21,8.21,8.17,8.31,8.08,8.27,428986.0,351531000.0,8.0,7.72,7.789499999999995,7.66,7.23,65.34,0.17,0.13,0.04,巨化股份,化学原料和化学制品制造业,主板,8.112499999999967,7.797499999999966,7.685833333333327,7.699375000000003,7.35042553191489
600160,2020-12-22,8.15,7.93,8.31,7.9,8.17,423403.0,342447000.0,8.08,7.76,7.769499999999995,7.69,7.24,57.22,0.17,0.13,0.04,巨化股份,化学原料和化学制品制造业,主板,8.117499999999968,7.864999999999965,7.719166666666659,7.701875000000004,7.37382978723404
600160,2020-12-23,7.91,7.97,8.05,7.86,7.93,274173.0,218601000.0,8.09,7.83,7.759999999999995,7.72,7.26,58.15,0.17,0.14,0.03,巨化股份,化学原料和化学制品制造业,主板,8.084999999999967,7.9237499999999645,7.759166666666659,7.703750000000005,7.398297872340423
600160,2020-12-24,7.91,7.6,7.94,7.58,7.97,293530.0,225288000.0,7.99,7.85,7.735999999999994,7.74,7.28,47.77,0.12,0.14,-0.02,巨化股份,化学原料和化学制品制造业,主板,7.917499999999968,7.937499999999964,7.764999999999993,7.700625000000004,7.414893617021275
600160,2020-12-25,7.57,8.09,8.15,7.5,7.6,315764.0,246786000.0,7.95,7.91,7.7389999999999946,7.78,7.3,58.37,0.15,0.14,0.01,巨化股份,化学原料和化学制品制造业,主板,7.897499999999967,8.004999999999963,7.830833333333326,7.738750000000004,7.4397872340425515
600160,2020-12-28,8.09,8.13,8.2,7.94,8.09,299908.0,242023000.0,7.94,7.97,7.750999999999995,7.81,7.33,59.1,0.16,0.14,0.02,巨化股份,化学原料和化学制品制造业,主板,7.947499999999968,8.032499999999963,7.892499999999992,7.7762500000000045,7.467021276595742
600160,2020-12-29,8.25,8.11,8.44,8.07,8.13,354336.0,291945000.0,7.98,8.03,7.759499999999994,7.83,7.36,58.55,0.16,0.15,0.01,巨化股份,化学原料和化学制品制造业,主板,7.982499999999968,8.033749999999964,7.943333333333325,7.815000000000006,7.495106382978721
600160,2020-12-30,8.07,8.06,8.17,7.96,8.11,201949.0,162814000.0,8.0,8.04,7.779999999999994,7.85,7.38,57.11,0.16,0.15,0.01,巨化股份,化学原料和化学制品制造业,主板,8.097499999999968,8.007499999999965,7.990833333333327,7.848125000000005,7.523404255319146
600160,2020-12-31,8.03,8.11,8.17,7.9,8.06,225027.0,181152000.0,8.1,8.04,7.8114999999999934,7.86,7.4,58.21,0.16,0.15,0.01,巨化股份,化学原料和化学制品制造业,主板,8.102499999999967,7.9999999999999645,8.037499999999993,7.898750000000004,7.551702127659572
600160,2021-01-04,8.06,8.21,8.35,8.06,8.11,272436.0,224072000.0,8.12,8.04,7.845499999999994,7.87,7.43,60.41,0.17,0.16,0.01,巨化股份,化学原料和化学制品制造业,主板,8.122499999999967,8.034999999999965,8.062499999999993,7.950000000000004,7.581702127659572
600160,2021-01-05,8.15,8.13,8.18,7.98,8.21,263959.0,213273000.0,8.12,8.03,7.877499999999993,7.87,7.45,57.79,0.16,0.16,0.0,巨化股份,化学原料和化学制品制造业,主板,8.127499999999968,8.054999999999964,8.064999999999992,7.989375000000004,7.610425531914891
600160,2021-01-06,8.06,8.03,8.13,7.9,8.13,207995.0,166252000.0,8.11,8.04,7.902499999999994,7.86,7.47,54.61,0.14,0.15,-0.01,巨化股份,化学原料和化学制品制造业,主板,8.119999999999967,8.108749999999965,8.044999999999993,8.023125000000004,7.6393617021276565
600160,2021-01-07,7.94,7.86,8.16,7.77,8.03,256558.0,204203000.0,8.07,8.03,7.930499999999993,7.85,7.48,49.6,0.13,0.15,-0.02,巨化股份,化学原料和化学制品制造业,主板,8.057499999999967,8.079999999999965,8.01916666666666,8.042500000000004,7.664893617021273
600160,2021-01-08,7.96,8.4,8.44,7.74,7.86,483984.0,396169000.0,8.13,8.11,7.9809999999999945,7.86,7.5,61.63,0.15,0.15,0.0,巨化股份,化学原料和化学制品制造业,主板,8.104999999999967,8.113749999999966,8.058333333333328,8.073125000000005,7.6985106382978685
600160,2021-01-11,8.44,8.33,8.65,8.23,8.4,394615.0,331337000.0,8.15,8.14,8.022499999999996,7.87,7.53,59.65,0.16,0.15,0.01,巨化股份,化学原料和化学制品制造业,主板,8.154999999999966,8.141249999999966,8.088333333333328,8.087500000000006,7.730425531914889
600160,2021-01-12,8.22,8.02,8.29,7.91,8.33,335085.0,268896000.0,8.13,8.13,8.048999999999996,7.88,7.55,51.69,0.13,0.15,-0.02,巨化股份,化学原料和化学制品制造业,主板,8.152499999999964,8.136249999999965,8.123333333333328,8.071875000000006,7.754893617021272
600160,2021-01-13,7.93,7.88,8.08,7.76,8.02,259951.0,204977000.0,8.1,8.1,8.065499999999995,7.87,7.56,48.55,0.11,0.14,-0.03,巨化股份,化学原料和化学制品制造业,主板,8.157499999999965,8.107499999999964,8.105833333333328,8.053750000000006,7.776170212765953
600160,2021-01-14,7.85,7.62,7.94,7.61,7.88,237302.0,183480000.0,8.05,8.06,8.050999999999995,7.87,7.58,43.28,0.06,0.12,-0.06,巨化股份,化学原料和化学制品制造业,主板,7.962499999999965,8.033749999999966,8.063333333333327,8.034375000000006,7.792553191489357
600160,2021-01-15,7.6,7.66,7.73,7.58,7.62,145090.0,110962000.0,7.9,8.01,8.028999999999995,7.88,7.59,44.28,0.03,0.1,-0.07,巨化股份,化学原料和化学制品制造业,主板,7.794999999999966,7.974999999999965,8.025833333333328,8.015000000000006,7.805957446808507
600160,2021-01-18,7.66,7.8,7.86,7.55,7.66,174990.0,135597000.0,7.8,7.97,8.005499999999994,7.89,7.61,47.76,0.02,0.09,-0.07,巨化股份,化学原料和化学制品制造业,主板,7.739999999999966,7.946249999999965,8.004166666666661,8.027500000000007,7.823191489361698
600160,2021-01-19,7.61,7.73,7.9,7.45,7.8,226401.0,174177000.0,7.74,7.93,7.983499999999995,7.9,7.62,46.2,0.0,0.07,-0.07,巨化股份,化学原料和化学制品制造业,主板,7.702499999999966,7.929999999999966,7.972499999999994,8.005000000000006,7.837446808510635
600160,2021-01-20,7.65,7.69,7.73,7.55,7.73,121955.0,93138700.0,7.7,7.9,7.9714999999999945,7.9,7.64,45.3,-0.01,0.05,-0.06,巨化股份,化学原料和化学制品制造业,主板,7.719999999999966,7.841249999999966,7.92916666666666,7.977500000000006,7.853404255319146
600160,2021-01-21,7.68,8.24,8.44,7.64,7.69,492194.0,403304000.0,7.82,7.94,7.984999999999995,7.93,7.66,57.61,0.02,0.05,-0.03,巨化股份,化学原料和化学制品制造业,主板,7.864999999999966,7.829999999999966,7.938333333333326,7.985625000000007,7.873617021276592
600160,2021-01-22,8.26,8.12,8.29,8.04,8.24,262479.0,214303000.0,7.92,7.91,8.010999999999996,7.96,7.68,54.72,0.03,0.04,-0.01,巨化股份,化学原料和化学制品制造业,主板,7.944999999999966,7.842499999999967,7.945833333333327,7.989375000000006,7.890212765957444
600160,2021-01-25,8.28,8.93,8.93,8.08,8.12,858715.0,750744000.0,8.14,7.97,8.052999999999995,8.0,7.72,66.83,0.11,0.06,0.05,巨化股份,化学原料和化学制品制造业,主板,8.244999999999965,7.973749999999966,8.034999999999993,8.040625000000006,7.91978723404255
600160,2021-01-26,8.84,8.9,9.17,8.71,8.93,666696.0,595678000.0,8.38,8.06,8.091499999999996,8.05,7.76,66.13,0.16,0.08,0.08,巨化股份,化学原料和化学制品制造业,主板,8.547499999999966,8.133749999999965,8.076666666666659,8.083750000000006,7.946382978723401
600160,2021-01-27,8.9,9.13,9.24,8.83,8.9,507570.0,460459000.0,8.66,8.18,8.142499999999995,8.1,7.8,68.84,0.22,0.11,0.11,巨化股份,化学原料和化学制品制造业,主板,8.769999999999966,8.317499999999965,8.143333333333326,8.146250000000006,7.971914893617018
600160,2021-01-28,9.05,8.99,9.37,8.92,9.13,503709.0,461414000.0,8.81,8.32,8.188999999999997,8.14,7.83,65.41,0.26,0.14,0.12,巨化股份,化学原料和化学制品制造业,主板,8.987499999999967,8.466249999999965,8.22416666666666,8.206250000000006,7.9885106382978694
600160,2021-01-29,9.05,8.82,9.23,8.65,8.99,413690.0,369015000.0,8.95,8.43,8.224499999999995,8.16,7.87,61.4,0.26,0.16,0.1,巨化股份,化学原料和化学制品制造业,主板,8.959999999999967,8.602499999999965,8.302499999999993,8.266250000000005,7.9989361702127635
600160,2021-02-01,8.9,9.03,9.16,8.77,8.82,384853.0,345965000.0,8.97,8.56,8.265499999999994,8.19,7.9,64.31,0.29,0.19,0.1,巨化股份,化学原料和化学制品制造业,主板,8.992499999999968,8.769999999999966,8.419999999999993,8.305625000000004,8.017446808510634
600160,2021-02-02,9.09,9.1,9.33,9.03,9.03,354209.0,324111000.0,9.01,8.7,8.313999999999995,8.22,7.94,65.25,0.31,0.21,0.1,巨化股份,化学原料和化学制品制造业,主板,8.984999999999967,8.877499999999966,8.539999999999992,8.353750000000003,8.03914893617021
600160,2021-02-03,9.05,9.12,9.33,8.9,9.1,367815.0,336753000.0,9.01,8.84,8.368499999999994,8.26,7.97,65.53,0.32,0.23,0.09,巨化股份,化学原料和化学制品制造业,主板,9.017499999999966,9.002499999999966,8.649999999999993,8.422500000000003,8.062340425531913
600160,2021-02-04,9.11,8.8,9.27,8.73,9.12,533056.0,475704000.0,8.97,8.89,8.415499999999994,8.29,8.0,57.55,0.3,0.25,0.05,巨化股份,化学原料和化学制品制造业,主板,9.012499999999966,8.986249999999966,8.739166666666659,8.480000000000004,8.081702127659574
600160,2021-02-05,8.73,8.39,8.87,8.33,8.8,390587.0,334685000.0,8.89,8.92,8.414999999999994,8.31,8.03,49.28,0.25,0.25,0.0,巨化股份,化学原料和化学制品制造业,主板,8.852499999999965,8.922499999999966,8.797499999999992,8.528125000000003,8.091276595744679
600160,2021-02-08,8.43,8.93,9.09,8.43,8.39,411303.0,365003000.0,8.87,8.92,8.444999999999993,8.34,8.06,57.87,0.25,0.25,0.0,巨化股份,化学原料和化学制品制造业,主板,8.809999999999965,8.897499999999965,8.854999999999993,8.607500000000003,8.11851063829787
600160,2021-02-09,8.9,9.13,9.21,8.9,8.93,279721.0,254262000.0,8.87,8.94,8.500499999999992,8.38,8.09,60.54,0.26,0.25,0.01,巨化股份,化学原料和化学制品制造业,主板,8.812499999999966,8.914999999999965,8.93916666666666,8.690625000000002,8.153617021276593
600160,2021-02-10,9.16,9.03,9.18,8.86,9.13,269492.0,242924000.0,8.86,8.93,8.557999999999993,8.41,8.12,58.54,0.27,0.25,0.02,巨化股份,化学原料和化学制品制造业,主板,8.869999999999965,8.941249999999965,8.947499999999993,8.771875000000003,8.185531914893614
600160,2021-02-18,9.52,9.8,9.93,9.46,9.03,794608.0,779788000.0,9.06,9.02,8.666999999999993,8.46,8.16,67.44,0.32,0.27,0.05,巨化股份,化学原料和化学制品制造业,主板,9.222499999999965,9.037499999999964,9.022499999999992,8.903750000000004,8.234680851063828
600160,2021-02-19,9.85,9.47,9.85,9.27,9.8,590726.0,562201000.0,9.27,9.08,8.757499999999993,8.51,8.19,61.36,0.33,0.28,0.05,巨化股份,化学原料和化学制品制造业,主板,9.357499999999964,9.083749999999965,9.050833333333326,8.980625000000003,8.27595744680851
600160,2021-02-22,9.46,9.62,9.99,9.45,9.47,566590.0,551917000.0,9.41,9.14,8.848499999999992,8.56,8.22,62.99,0.36,0.3,0.06,巨化股份,化学原料和化学制品制造业,主板,9.479999999999963,9.146249999999965,9.103333333333326,9.074375000000003,8.325319148936169
600160,2021-02-23,9.6,10.0,10.08,9.43,9.62,797473.0,784191000.0,9.58,9.23,8.961999999999993,8.62,8.24,66.82,0.4,0.32,0.08,巨化股份,化学原料和化学制品制造业,主板,9.722499999999963,9.296249999999965,9.20166666666666,9.141250000000003,8.380851063829788
600160,2021-02-24,10.07,9.61,10.2,9.53,10.0,634812.0,623818000.0,9.7,9.28,9.057999999999993,8.67,8.27,59.97,0.39,0.33,0.06,巨化股份,化学原料和化学制品制造业,主板,9.674999999999962,9.448749999999965,9.249999999999995,9.185625000000003,8.425744680851064
600160,2021-02-25,9.72,9.25,9.89,9.19,9.61,465093.0,441263000.0,9.59,9.32,9.108499999999992,8.72,8.28,54.42,0.36,0.34,0.02,巨化股份,化学原料和化学制品制造业,主板,9.619999999999962,9.488749999999964,9.262499999999994,9.193125000000004,8.463191489361702
600160,2021-02-26,9.1,8.72,9.15,8.66,9.25,403623.0,359109000.0,9.44,9.36,9.138499999999992,8.73,8.3,47.46,0.29,0.33,-0.04,巨化股份,化学原料和化学制品制造业,主板,9.394999999999962,9.437499999999964,9.22916666666666,9.176250000000003,8.488085106382979
600160,2021-03-01,8.78,8.86,8.94,8.7,8.72,232143.0,205404000.0,9.29,9.35,9.134999999999991,8.75,8.31,49.3,0.24,0.31,-0.07,巨化股份,化学原料和化学制品制造业,主板,9.109999999999962,9.416249999999964,9.234166666666662,9.178750000000004,8.508297872340425
600160,2021-03-02,8.91,8.58,8.91,8.51,8.86,270662.0,233129000.0,9.0,9.29,9.118999999999991,8.76,8.32,45.84,0.18,0.28,-0.1,巨化股份,化学原料和化学制品制造业,主板,8.852499999999962,9.263749999999964,9.249999999999995,9.150625000000005,8.51851063829787
600160,2021-03-03,8.6,8.76,8.83,8.53,8.58,204658.0,178347000.0,8.83,9.27,9.100499999999991,8.79,8.33,48.35,0.14,0.26,-0.12,巨化股份,化学原料和化学制品制造业,主板,8.729999999999961,9.174999999999965,9.235833333333327,9.129375000000005,8.528936170212765
600160,2021-03-04,8.71,8.45,8.79,8.41,8.76,301500.0,258125000.0,8.67,9.13,9.07349999999999,8.82,8.35,44.52,0.08,0.22,-0.14,巨化股份,化学原料和化学制品制造业,主板,8.662499999999962,9.028749999999965,9.179166666666662,9.087500000000004,8.534893617021275
600160,2021-03-05,8.43,8.37,8.51,8.11,8.45,372383.0,310533000.0,8.6,9.02,9.050999999999991,8.85,8.36,43.56,0.03,0.18,-0.15,巨化股份,化学原料和化学制品制造业,主板,8.539999999999962,8.824999999999966,9.124166666666662,9.060625000000003,8.544255319148935
600160,2021-03-08,8.46,8.46,8.82,8.46,8.37,505700.0,437751000.0,8.52,8.91,9.02249999999999,8.87,8.38,45.0,-0.01,0.14,-0.15,巨化股份,化学原料和化学制品制造业,主板,8.509999999999962,8.681249999999965,9.012499999999994,9.065000000000005,8.554680851063827
600160,2021-03-09,8.48,8.7,8.83,8.28,8.46,368780.0,318949000.0,8.55,8.78,9.00249999999999,8.9,8.4,48.74,-0.01,0.11,-0.12,巨化股份,化学原料和化学制品制造业,主板,8.494999999999964,8.612499999999965,8.948333333333329,9.050625000000004,8.578085106382975
600160,2021-03-10,8.66,8.69,8.74,8.4,8.7,214417.0,183354000.0,8.53,8.68,8.980999999999991,8.93,8.42,48.59,-0.02,0.09,-0.11,巨化股份,化学原料和化学制品制造业,主板,8.554999999999964,8.608749999999965,8.870833333333328,9.023125000000004,8.590851063829785
600160,2021-03-11,8.62,8.95,8.96,8.62,8.69,256576.0,225752000.0,8.63,8.65,8.98849999999999,8.96,8.44,52.63,0.0,0.07,-0.07,巨化股份,化学原料和化学制品制造业,主板,8.699999999999966,8.619999999999965,8.783333333333328,9.018125000000003,8.608297872340422
600160,2021-03-12,8.95,9.29,9.36,8.79,8.95,483150.0,440336000.0,8.82,8.71,9.03349999999999,9.0,8.48,57.35,0.04,0.06,-0.02,巨化股份,化学原料和化学制品制造业,主板,8.907499999999965,8.708749999999965,8.756666666666662,8.986250000000002,8.633404255319146
600160,2021-03-15,9.17,9.11,9.33,9.0,9.29,296958.0,271663000.0,8.95,8.74,9.04249999999999,9.0,8.5,54.27,0.06,0.06,0.0,巨化股份,化学原料和化学制品制造业,主板,9.009999999999966,8.752499999999964,8.744999999999996,8.963750000000003,8.655744680851061
600160,2021-03-16,9.1,8.87,9.19,8.75,9.11,291133.0,258989000.0,8.98,8.76,9.02949999999999,9.0,8.53,50.38,0.05,0.06,-0.01,巨化股份,化学原料和化学制品制造业,主板,9.054999999999966,8.804999999999964,8.757499999999995,8.916875000000003,8.671914893617018
600160,2021-03-17,8.69,8.78,8.87,8.5,8.87,220647.0,191200000.0,9.0,8.77,9.01699999999999,8.99,8.55,48.96,0.03,0.05,-0.02,巨化股份,化学原料和化学制品制造业,主板,9.012499999999967,8.856249999999964,8.750833333333329,8.840625000000003,8.684042553191487
600160,2021-03-18,8.77,9.2,9.36,8.67,8.78,396271.0,359219000.0,9.05,8.84,8.98699999999999,9.0,8.57,55.29,0.06,0.06,0.0,巨化股份,化学原料和化学制品制造业,主板,8.989999999999968,8.948749999999965,8.802499999999997,8.815000000000001,8.706808510638295
600160,2021-03-19,9.05,8.93,9.17,8.85,9.2,252248.0,226308000.0,8.98,8.9,8.95999999999999,9.0,8.58,50.92,0.05,0.05,0.0,巨化股份,化学原料和化学制品制造业,主板,8.944999999999968,8.977499999999965,8.816666666666661,8.795000000000002,8.725957446808508
600160,2021-03-22,8.89,8.89,9.07,8.76,8.93,190469.0,169437000.0,8.93,8.94,8.92349999999999,9.0,8.59,50.29,0.04,0.05,-0.01,巨化股份,化学原料和化学制品制造业,主板,8.949999999999969,9.002499999999966,8.853333333333328,8.805625000000001,8.747872340425529
600160,2021-03-23,8.86,8.79,9.24,8.76,8.89,274238.0,245946000.0,8.92,8.95,8.862999999999989,8.99,8.6,48.66,0.03,0.05,-0.02,巨化股份,化学原料和化学制品制造业,主板,8.952499999999969,8.982499999999964,8.888333333333328,8.80125,8.756170212765955
600160,2021-03-24,8.74,8.6,8.88,8.42,8.79,325930.0,280525000.0,8.88,8.94,8.81249999999999,8.97,8.61,45.63,0.01,0.04,-0.03,巨化股份,化学原料和化学制品制造业,主板,8.80249999999997,8.896249999999963,8.899999999999993,8.802499999999998,8.76191489361702
600160,2021-03-25,8.56,8.65,8.74,8.51,8.6,136216.0,117884000.0,8.77,8.91,8.782499999999988,8.96,8.63,46.57,-0.01,0.03,-0.04,巨化股份,化学原料和化学制品制造业,主板,8.73249999999997,8.838749999999964,8.895833333333327,8.795625,8.77531914893617
600160,2021-03-26,8.67,8.87,8.96,8.62,8.65,194985.0,172253000.0,8.76,8.87,8.789999999999988,8.98,8.65,50.62,-0.01,0.02,-0.03,巨化股份,化学原料和化学制品制造业,主板,8.727499999999969,8.838749999999964,8.910833333333327,8.821875,8.796382978723404
600160,2021-03-29,8.91,9.33,9.34,8.78,8.87,436523.0,402233000.0,8.85,8.89,8.81349999999999,8.99,8.67,57.83,0.03,0.02,0.01,巨化股份,化学原料和化学制品制造业,主板,8.862499999999969,8.907499999999963,8.942499999999994,8.881875,8.832765957446806
600160,2021-03-30,9.36,9.34,9.5,9.2,9.33,297354.0,278085000.0,8.96,8.94,8.85149999999999,9.0,8.69,57.97,0.07,0.03,0.04,巨化股份,化学原料和化学制品制造业,主板,9.04749999999997,8.924999999999963,8.94666666666666,8.936875,8.86851063829787
600160,2021-03-31,9.34,9.22,9.42,9.1,9.34,212262.0,195863000.0,9.08,8.98,8.87449999999999,9.01,8.71,55.53,0.08,0.04,0.04,巨化股份,化学原料和化学制品制造业,主板,9.18999999999997,8.961249999999964,8.955833333333327,8.969375000000001,8.898723404255318
600160,2021-04-01,9.25,9.26,9.36,9.14,9.22,157188.0,145119000.0,9.2,8.99,8.91499999999999,8.99,8.73,56.19,0.09,0.05,0.04,巨化股份,化学原料和化学制品制造业,主板,9.28749999999997,9.007499999999965,8.988333333333328,9.005,8.931276595744679
600160,2021-04-02,9.3,9.25,9.43,9.17,9.26,161190.0,149348000.0,9.28,9.02,8.95899999999999,8.98,8.74,55.97,0.1,0.06,0.04,巨化股份,化学原料和化学制品制造业,主板,9.26749999999997,9.064999999999966,9.027499999999995,9.023750000000001,8.96446808510638
600160,2021-04-06,9.25,9.27,9.3,9.11,9.25,140203.0,128897000.0,9.27,9.06,8.99949999999999,8.97,8.76,56.34,0.11,0.07,0.04,巨化股份,化学原料和化学制品制造业,主板,9.249999999999968,9.148749999999966,9.033333333333326,9.022500000000003,8.986382978723402
600160,2021-04-07,9.25,9.24,9.38,9.2,9.27,157884.0,146477000.0,9.25,9.1,9.026499999999992,8.94,8.78,55.58,0.11,0.08,0.03,巨化股份,化学原料和化学制品制造业,主板,9.254999999999969,9.222499999999965,9.05916666666666,9.030625000000004,9.010212765957444
600160,2021-04-08,9.22,9.31,9.5,9.17,9.24,326385.0,306399000.0,9.27,9.17,9.057499999999992,8.93,8.8,57.04,0.12,0.09,0.03,巨化股份,化学原料和化学制品制造业,主板,9.26749999999997,9.277499999999964,9.094166666666661,9.058125000000004,9.018297872340423
600160,2021-04-09,9.26,8.95,9.32,8.87,9.31,293779.0,264341000.0,9.2,9.2,9.057499999999992,8.92,8.82,48.22,0.1,0.09,0.01,巨化股份,化学原料和化学制品制造业,主板,9.19249999999997,9.229999999999965,9.107499999999995,9.068750000000003,9.019361702127657
600160,2021-04-12,8.94,9.0,9.04,8.67,8.95,274330.0,242392000.0,9.15,9.22,9.042999999999992,8.93,8.83,49.39,0.08,0.09,-0.01,巨化股份,化学原料和化学制品制造业,主板,9.124999999999972,9.187499999999964,9.140833333333328,9.056250000000004,9.016595744680847
600160,2021-04-13,8.86,8.73,8.97,8.67,9.0,161001.0,141471000.0,9.05,9.16,9.023999999999992,8.93,8.84,43.65,0.04,0.08,-0.04,巨化股份,化学原料和化学制品制造业,主板,8.997499999999972,9.126249999999965,9.147499999999996,9.043750000000003,9.011063829787231
600160,2021-04-14,8.72,8.73,8.87,8.69,8.73,108560.0,95198400.0,8.94,9.1,9.016999999999992,8.93,8.85,43.65,0.01,0.06,-0.05,巨化股份,化学原料和化学制品制造业,主板,8.85249999999997,9.059999999999965,9.135833333333329,9.033750000000001,9.009148936170211
600160,2021-04-15,8.7,8.81,8.82,8.51,8.73,142692.0,123442000.0,8.84,9.06,9.018499999999992,8.93,8.86,45.82,0.0,0.05,-0.05,巨化股份,化学原料和化学制品制造业,主板,8.81749999999997,9.004999999999965,9.092499999999996,9.035000000000002,9.004468085106382
600160,2021-04-16,8.8,8.84,8.85,8.73,8.81,107887.0,94952200.0,8.82,9.01,9.000499999999992,8.95,8.88,46.64,-0.01,0.04,-0.05,巨化股份,化学原料和化学制品制造业,主板,8.777499999999971,8.951249999999966,9.050833333333328,9.050000000000002,8.998936170212763
600160,2021-04-19,8.9,9.03,9.06,8.8,8.84,175503.0,157155000.0,8.83,8.99,9.005499999999993,8.97,8.91,51.68,-0.01,0.03,-0.04,巨化股份,化学原料和化学制品制造业,主板,8.85249999999997,8.924999999999967,9.034999999999995,9.073750000000002,8.997021276595742
600160,2021-04-20,9.19,9.15,9.38,9.07,9.03,235040.0,215873000.0,8.91,8.98,9.018499999999992,8.99,8.93,54.59,0.01,0.03,-0.02,巨化股份,化学原料和化学制品制造业,主板,8.957499999999971,8.904999999999967,9.02583333333333,9.091250000000002,9.004468085106378
600160,2021-04-21,9.0,9.0,9.12,8.97,9.15,133234.0,120497000.0,8.97,8.96,9.028999999999993,9.0,8.95,50.49,0.01,0.02,-0.01,巨化股份,化学原料和化学制品制造业,主板,9.00499999999997,8.911249999999967,9.004999999999995,9.070625000000001,9.017446808510634
600160,2021-04-22,8.94,8.83,8.98,8.79,9.0,157247.0,139730000.0,8.97,8.91,9.040499999999993,9.01,8.97,46.25,0.0,0.02,-0.02,巨化股份,化学原料和化学制品制造业,主板,9.00249999999997,8.889999999999967,8.968333333333328,9.038750000000002,9.015319148936166
600160,2021-04-23,8.87,8.87,8.92,8.72,8.83,106165.0,93760800.0,8.98,8.9,9.051499999999994,9.0,8.98,47.37,-0.02,0.01,-0.03,巨化股份,化学原料和化学制品制造业,主板,8.962499999999968,8.907499999999967,8.937499999999996,9.016875000000002,9.00978723404255
600160,2021-04-26,8.9,8.77,8.97,8.76,8.87,126828.0,112287000.0,8.92,8.88,9.046499999999993,8.99,8.99,44.86,-0.03,0.0,-0.03,巨化股份,化学原料和化学制品制造业,主板,8.86749999999997,8.912499999999966,8.892499999999997,8.986250000000004,9.004255319148932
600160,2021-04-27,8.73,8.71,8.83,8.61,8.77,96620.8,84341400.0,8.84,8.87,9.015499999999992,8.97,8.99,43.37,-0.04,-0.01,-0.03,巨化股份,化学原料和化学制品制造业,主板,8.79499999999997,8.899999999999967,8.872499999999997,8.952500000000004,8.98106382978723
600160,2021-04-28,8.67,8.71,8.79,8.62,8.71,73524.8,64025900.0,8.78,8.87,8.983999999999993,8.97,8.98,43.37,-0.06,-0.02,-0.04,巨化股份,化学原料和化学制品制造业,主板,8.76499999999997,8.883749999999967,8.84833333333333,8.917500000000004,8.964893617021271
600160,2021-04-29,8.72,8.86,8.87,8.68,8.71,108676.0,95431300.0,8.78,8.88,8.965999999999992,8.97,8.98,48.34,-0.05,-0.02,-0.03,巨化股份,化学原料和化学制品制造业,主板,8.76249999999997,8.862499999999967,8.859166666666662,8.893750000000004,8.948723404255313
600160,2021-04-30,8.77,8.74,8.84,8.46,8.86,245671.0,211985000.0,8.76,8.87,8.939999999999994,8.96,8.98,44.94,-0.06,-0.03,-0.03,巨化股份,化学原料和化学制品制造业,主板,8.75499999999997,8.811249999999966,8.859999999999994,8.858125000000005,8.921914893617016
600160,2021-05-06,8.71,9.09,9.18,8.68,8.74,299747.0,271180000.0,8.82,8.87,8.931999999999993,8.96,8.98,54.9,-0.03,-0.03,0.0,巨化股份,化学原料和化学制品制造业,主板,8.849999999999971,8.822499999999966,8.883333333333328,8.866875000000006,8.910851063829782
600160,2021-05-07,9.2,9.13,9.31,9.1,9.09,222738.0,204758000.0,8.91,8.87,8.924999999999994,8.97,8.98,55.88,-0.01,-0.03,0.02,巨化股份,化学原料和化学制品制造业,主板,8.954999999999972,8.859999999999966,8.907499999999994,8.875000000000005,8.90829787234042
600160,2021-05-10,9.15,9.32,9.32,9.04,9.13,230450.0,212744000.0,9.03,8.9,8.928999999999991,8.99,8.99,60.3,0.02,-0.02,0.04,巨化股份,化学原料和化学制品制造业,主板,9.069999999999972,8.916249999999966,8.93166666666666,8.911875000000006,8.921063829787228
600160,2021-05-11,9.23,9.2,9.25,9.02,9.32,172625.0,157996000.0,9.1,8.94,8.923499999999992,9.01,8.99,56.45,0.04,-0.01,0.05,巨化股份,化学原料和化学制品制造业,主板,9.184999999999972,8.969999999999967,8.935833333333326,8.941250000000005,8.928297872340417
600160,2021-05-12,9.14,9.13,9.14,8.96,9.2,153859.0,139387000.0,9.17,8.97,8.932499999999992,9.02,8.99,54.28,0.04,0.0,0.04,巨化股份,化学原料和化学制品制造业,主板,9.194999999999972,9.022499999999965,8.94666666666666,8.961250000000005,8.939999999999992
600160,2021-05-13,9.1,9.01,9.23,8.92,9.13,157635.0,142785000.0,9.16,8.99,8.932999999999991,9.03,9.0,50.67,0.04,0.01,0.03,巨化股份,化学原料和化学制品制造业,主板,9.16499999999997,9.059999999999967,8.96166666666666,8.971875000000004,8.945319148936163
600160,2021-05-14,9.01,9.32,9.42,8.86,9.01,326954.0,300658000.0,9.2,9.05,8.962499999999991,9.03,9.01,58.37,0.06,0.02,0.04,巨化股份,化学原料和化学制品制造业,主板,9.16499999999997,9.117499999999966,8.99916666666666,8.990000000000004,8.963829787234035
600160,2021-05-17,9.33,9.63,9.68,9.21,9.32,385389.0,365132000.0,9.26,9.14,9.007499999999991,9.04,9.02,64.35,0.1,0.04,0.06,巨化股份,化学原料和化学制品制造业,主板,9.272499999999972,9.228749999999966,9.070833333333328,9.020000000000003,8.990638297872334
600160,2021-05-18,9.55,9.7,9.75,9.35,9.63,316860.0,301648000.0,9.36,9.23,9.05199999999999,9.05,9.03,65.56,0.13,0.06,0.07,巨化股份,化学原料和化学制品制造业,主板,9.414999999999973,9.304999999999966,9.153333333333327,9.063750000000002,9.017021276595738
600160,2021-05-19,9.63,9.68,9.79,9.45,9.7,274054.0,264885000.0,9.47,9.32,9.09399999999999,9.07,9.03,64.88,0.16,0.08,0.08,巨化股份,化学原料和化学制品制造业,主板,9.582499999999973,9.373749999999966,9.23416666666666,9.116875000000002,9.037872340425526
600160,2021-05-20,9.69,9.49,9.75,9.47,9.68,189959.0,182067000.0,9.56,9.36,9.116999999999992,9.07,9.03,58.7,0.17,0.09,0.08,巨化股份,化学原料和化学制品制造业,主板,9.624999999999973,9.394999999999964,9.28666666666666,9.155625000000002,9.05489361702127
600160,2021-05-21,9.49,9.39,9.57,9.38,9.49,162023.0,152908000.0,9.58,9.39,9.128999999999992,9.08,9.02,55.7,0.16,0.11,0.05,巨化股份,化学原料和化学制品制造业,主板,9.564999999999973,9.418749999999964,9.340833333333327,9.194375000000003,9.06425531914893
600160,2021-05-24,9.43,9.49,9.62,9.36,9.39,175562.0,167212000.0,9.55,9.4,9.153499999999992,9.09,9.02,58.01,0.16,0.12,0.04,巨化股份,化学原料和化学制品制造业,主板,9.512499999999974,9.463749999999964,9.374166666666659,9.243125000000003,9.068510638297866
600160,2021-05-25,9.45,9.46,9.62,9.35,9.49,193930.0,184055000.0,9.5,9.43,9.184999999999992,9.09,9.01,57.05,0.15,0.12,0.03,巨化股份,化学原料和化学制品制造业,主板,9.457499999999975,9.519999999999962,9.401666666666658,9.290000000000003,9.075957446808504
600160,2021-05-26,9.49,9.69,9.75,9.28,9.46,319532.0,305788000.0,9.5,9.49,9.225999999999992,9.12,9.02,62.23,0.16,0.13,0.03,巨化股份,化学原料和化学制品制造业,主板,9.507499999999974,9.566249999999961,9.432499999999992,9.341875000000002,9.093404255319141
600160,2021-05-27,9.75,9.71,9.82,9.62,9.69,228945.0,222458000.0,9.55,9.56,9.272999999999993,9.14,9.04,62.65,0.17,0.14,0.03,巨化股份,化学原料和化学制品制造业,主板,9.587499999999974,9.576249999999963,9.474999999999993,9.402500000000002,9.113191489361695
600160,2021-05-28,9.7,9.85,9.94,9.65,9.71,319544.0,313308000.0,9.64,9.61,9.329999999999991,9.18,9.05,65.55,0.19,0.15,0.04,巨化股份,化学原料和化学制品制造业,主板,9.677499999999974,9.594999999999962,9.534999999999993,9.450000000000001,9.127021276595737
600160,2021-05-31,9.95,9.96,10.06,9.77,9.85,331227.0,329540000.0,9.73,9.64,9.392499999999991,9.22,9.08,67.67,0.22,0.16,0.06,巨化股份,化学原料和化学制品制造业,主板,9.802499999999974,9.62999999999996,9.614166666666659,9.501875000000002,9.148936170212759
600160,2021-06-01,9.92,9.87,10.0,9.72,9.96,197173.0,194233000.0,9.82,9.66,9.442999999999993,9.25,9.09,64.19,0.22,0.17,0.05,巨化股份,化学原料和化学制品制造业,主板,9.847499999999973,9.677499999999961,9.659999999999991,9.536250000000003,9.169787234042547
600160,2021-06-02,9.92,9.85,10.2,9.85,9.87,319777.0,321102000.0,9.85,9.68,9.498499999999991,9.29,9.12,63.41,0.22,0.18,0.04,巨化股份,化学原料和化学制品制造业,主板,9.882499999999974,9.73499999999996,9.678333333333326,9.576875000000003,9.192340425531908
600160,2021-06-03,9.82,10.23,10.51,9.75,9.85,477146.0,486860000.0,9.95,9.75,9.555499999999991,9.33,9.15,70.71,0.25,0.2,0.05,巨化股份,化学原料和化学制品制造业,主板,9.977499999999973,9.827499999999961,9.722499999999991,9.645625000000003,9.227021276595737
600160,2021-06-04,10.18,10.47,10.58,10.1,10.23,361420.0,375290000.0,10.08,9.86,9.622499999999992,9.37,9.18,74.21,0.29,0.22,0.07,巨化股份,化学原料和化学制品制造业,主板,10.104999999999972,9.95374999999996,9.788333333333325,9.736875000000003,9.265744680851059
600160,2021-06-07,10.48,10.51,10.79,10.36,10.47,406016.0,428064000.0,10.19,9.96,9.681999999999992,9.42,9.21,74.75,0.32,0.24,0.08,巨化股份,化学原料和化学制品制造业,主板,10.264999999999972,10.056249999999961,9.873333333333326,9.811250000000003,9.300638297872334
600160,2021-06-08,10.46,10.3,10.49,10.13,10.51,266475.0,274345000.0,10.27,10.04,9.736999999999991,9.47,9.24,66.82,0.32,0.25,0.07,巨化股份,化学原料和化学制品制造业,主板,10.377499999999971,10.12999999999996,9.94916666666666,9.853125000000004,9.321276595744676
600160,2021-06-09,10.35,10.3,10.5,10.17,10.3,211029.0,218163000.0,10.36,10.1,9.795499999999993,9.52,9.26,66.82,0.32,0.27,0.05,巨化股份,化学原料和化学制品制造业,主板,10.394999999999971,10.18624999999996,10.01666666666666,9.890625000000005,9.34170212765957
600160,2021-06-10,10.28,10.3,10.48,10.21,10.3,210985.0,217534000.0,10.38,10.16,9.859999999999994,9.57,9.28,66.82,0.32,0.28,0.04,巨化股份,化学原料和化学制品制造业,主板,10.35249999999997,10.228749999999959,10.086666666666659,9.929375000000006,9.364680851063826
600160,2021-06-11,9.51,9.27,9.77,9.27,10.3,751652.0,701947000.0,10.14,10.11,9.857499999999995,9.59,9.28,40.49,0.22,0.27,-0.05,巨化股份,化学原料和化学制品制造业,主板,10.04249999999997,10.153749999999958,10.05166666666666,9.915625000000006,9.364893617021272
600160,2021-06-15,9.2,8.92,9.2,8.89,9.27,426798.0,385678000.0,9.82,10.0,9.821999999999994,9.6,9.28,35.39,0.13,0.24,-0.11,巨化股份,化学原料和化学制品制造业,主板,9.69749999999997,10.037499999999959,9.985833333333325,9.886250000000004,9.357872340425526
600160,2021-06-16,8.92,8.84,9.12,8.8,8.92,293999.0,263419000.0,9.53,9.9,9.778999999999995,9.6,9.28,34.33,0.04,0.2,-0.16,巨化股份,化学原料和化学制品制造业,主板,9.332499999999971,9.863749999999959,9.901666666666658,9.845625000000004,9.348723404255313
600160,2021-06-17,8.86,8.75,8.97,8.65,8.84,236163.0,207515000.0,9.22,9.79,9.732499999999995,9.6,9.28,33.12,-0.04,0.15,-0.19,巨化股份,化学原料和化学制品制造业,主板,8.944999999999972,9.648749999999959,9.800833333333324,9.801250000000003,9.338297872340421
600160,2021-06-18,8.8,8.79,8.92,8.72,8.75,198808.0,175117000.0,8.91,9.64,9.697499999999994,9.59,9.27,34.23,-0.09,0.1,-0.19,巨化股份,化学原料和化学制品制造业,主板,8.82499999999997,9.433749999999959,9.710833333333325,9.745000000000003,9.327234042553187
600160,2021-06-21,8.73,8.82,8.9,8.7,8.79,170247.0,149732000.0,8.82,9.48,9.668999999999993,9.57,9.27,35.1,-0.13,0.06,-0.19,巨化股份,化学原料和化学制品制造业,主板,8.79999999999997,9.24874999999996,9.624999999999991,9.689375000000002,9.324468085106378
600160,2021-06-22,8.95,8.89,9.13,8.8,8.82,236265.0,211508000.0,8.82,9.32,9.638999999999992,9.56,9.27,37.18,-0.16,0.01,-0.17,巨化股份,化学原料和化学制品制造业,主板,8.812499999999972,9.07249999999996,9.513333333333323,9.629375000000001,9.322127659574463
600160,2021-06-23,8.96,8.78,9.01,8.7,8.89,234477.0,206584000.0,8.81,9.17,9.604999999999993,9.55,9.28,35.26,-0.18,-0.03,-0.15,巨化股份,化学原料和化学制品制造业,主板,8.819999999999972,8.882499999999961,9.37249999999999,9.555625000000001,9.323191489361696
600160,2021-06-24,8.78,8.82,8.88,8.69,8.78,142430.0,124887000.0,8.82,9.02,9.561499999999992,9.54,9.28,36.54,-0.2,-0.06,-0.14,巨化股份,化学原料和化学制品制造业,主板,8.827499999999972,8.82624999999996,9.231666666666657,9.49,9.325106382978717
600160,2021-06-25,8.86,8.63,8.86,8.6,8.82,216241.0,187781000.0,8.79,8.85,9.507499999999991,9.52,9.28,33.19,-0.22,-0.09,-0.13,巨化股份,化学原料和化学制品制造业,主板,8.779999999999973,8.78999999999996,9.092499999999989,9.41375,9.321276595744674
600160,2021-06-28,8.66,8.75,8.82,8.66,8.63,158857.0,138713000.0,8.77,8.8,9.452499999999992,9.5,9.27,37.12,-0.23,-0.12,-0.11,巨化股份,化学原料和化学制品制造业,主板,8.744999999999973,8.77874999999996,8.963333333333322,9.321250000000001,9.319361702127653
600160,2021-06-29,8.77,8.87,9.01,8.7,8.75,240154.0,213587000.0,8.77,8.79,9.397999999999993,9.48,9.26,40.86,-0.23,-0.14,-0.09,巨化股份,化学原料和化学制品制造业,主板,8.767499999999972,8.79374999999996,8.844166666666657,9.221250000000001,9.315957446808506
600160,2021-06-30,8.91,8.84,8.95,8.77,8.87,137201.0,121139000.0,8.78,8.79,9.346499999999992,9.45,9.25,40.22,-0.22,-0.16,-0.06,巨化股份,化学原料和化学制品制造业,主板,8.77249999999997,8.799999999999962,8.808333333333325,9.116875000000002,9.309361702127655
600160,2021-07-01,8.87,8.69,8.87,8.63,8.84,138086.0,120458000.0,8.76,8.79,9.288499999999992,9.42,9.24,37.07,-0.22,-0.17,-0.05,巨化股份,化学原料和化学制品制造业,主板,8.78749999999997,8.783749999999962,8.789166666666658,9.016250000000001,9.302765957446804
600160,2021-07-02,8.66,8.38,8.73,8.37,8.69,173015.0,147165000.0,8.71,8.75,9.195999999999993,9.38,9.23,31.56,-0.25,-0.19,-0.06,巨化股份,化学原料和化学制品制造业,主板,8.69499999999997,8.719999999999962,8.750833333333324,8.89625,9.293191489361696
600160,2021-07-05,9.1,9.13,9.13,8.73,8.38,434013.0,389318000.0,8.78,8.78,9.128999999999992,9.37,9.23,50.65,-0.21,-0.19,-0.02,巨化股份,化学原料和化学制品制造业,主板,8.759999999999971,8.76374999999996,8.78249999999999,8.823125,9.298723404255314
600160,2021-07-06,9.69,9.93,10.04,9.41,9.13,974524.0,963363000.0,8.99,8.88,9.099999999999993,9.39,9.24,62.62,-0.11,-0.17,0.06,巨化股份,化学原料和化学制品制造业,主板,9.03249999999997,8.90249999999996,8.87749999999999,8.864374999999999,9.323404255319144
600160,2021-07-07,9.6,10.03,10.2,9.5,9.93,811746.0,806839000.0,9.23,9.01,9.086499999999992,9.41,9.25,63.8,-0.03,-0.15,0.12,巨化股份,化学原料和化学制品制造业,主板,9.367499999999971,9.077499999999961,8.978333333333325,8.93375,9.351489361702123
600160,2021-07-08,10.21,10.09,10.36,10.03,10.03,579928.0,589248000.0,9.51,9.13,9.075999999999992,9.42,9.27,64.53,0.05,-0.11,0.16,巨化股份,化学原料和化学制品制造业,主板,9.794999999999972,9.244999999999962,9.078333333333324,9.011875,9.380851063829782
600160,2021-07-09,10.02,10.46,10.5,9.98,10.09,518257.0,532462000.0,9.93,9.32,9.083999999999993,9.44,9.29,68.69,0.14,-0.06,0.2,巨化股份,化学原料和化学制品制造业,主板,10.127499999999971,9.443749999999962,9.218333333333325,9.11875,9.41489361702127
600160,2021-07-12,10.9,11.11,11.31,10.69,10.46,686523.0,753906000.0,10.32,9.55,9.175999999999991,9.49,9.33,74.38,0.25,0.0,0.25,巨化股份,化学原料和化学制品制造业,主板,10.422499999999971,9.727499999999962,9.409166666666657,9.26375,9.465319148936164
600160,2021-07-13,10.87,11.5,11.53,10.8,11.11,542999.0,611596000.0,10.64,9.82,9.304999999999993,9.54,9.38,77.07,0.37,0.08,0.29,巨化股份,化学原料和化学制品制造业,主板,10.78999999999997,10.078749999999962,9.648333333333325,9.43125,9.516595744680846
600160,2021-07-14,11.35,11.17,11.63,11.11,11.5,478657.0,543311000.0,10.87,10.05,9.421499999999991,9.58,9.42,70.34,0.44,0.15,0.29,巨化股份,化学原料和化学制品制造业,主板,11.05999999999997,10.427499999999963,9.84999999999999,9.57375,9.559999999999995
600160,2021-07-15,11.16,12.09,12.29,11.15,11.17,923203.0,1110770000.0,11.27,10.39,9.588499999999993,9.66,9.47,76.5,0.56,0.23,0.33,巨化股份,化学原料和化学制品制造业,主板,11.467499999999971,10.797499999999964,10.118333333333323,9.780625,9.618936170212761
600160,2021-07-16,12.12,12.39,13.13,12.03,12.09,1015430.0,1275640000.0,11.65,10.79,9.768499999999992,9.73,9.53,78.1,0.67,0.32,0.35,巨化股份,化学原料和化学制品制造业,主板,11.787499999999971,11.104999999999965,10.414166666666658,10.00375,9.686808510638292
600160,2021-07-19,12.25,12.02,12.75,11.95,12.39,603987.0,740925000.0,11.83,11.08,9.928499999999994,9.78,9.58,71.63,0.72,0.4,0.32,巨化股份,化学原料和化学制品制造业,主板,11.917499999999972,11.353749999999964,10.691666666666658,10.215625000000001,9.74829787234042
600160,2021-07-20,11.73,12.01,12.25,11.44,12.02,492710.0,587196000.0,11.94,11.29,10.084499999999995,9.83,9.63,71.46,0.75,0.47,0.28,巨化股份,化学原料和化学制品制造业,主板,12.127499999999971,11.593749999999964,10.994166666666658,10.419375,9.812127659574463
600160,2021-07-21,12.24,12.29,12.51,12.06,12.01,532489.0,655594000.0,12.16,11.51,10.259999999999994,9.9,9.68,73.39,0.78,0.53,0.25,巨化股份,化学原料和化学制品制造业,主板,12.17749999999997,11.822499999999962,11.257499999999991,10.633125,9.875319148936166
600160,2021-07-22,12.37,12.26,12.57,12.07,12.29,408713.0,501448000.0,12.19,11.73,10.431999999999993,9.96,9.74,72.82,0.81,0.59,0.22,巨化股份,化学原料和化学制品制造业,主板,12.14499999999997,11.966249999999963,11.451666666666656,10.846874999999999,9.931276595744675
600160,2021-07-23,12.23,12.02,12.54,11.97,12.26,473674.0,578645000.0,12.12,11.89,10.601499999999994,10.02,9.79,68.27,0.78,0.63,0.15,巨化股份,化学原料和化学制品制造业,主板,12.144999999999971,12.031249999999963,11.61749999999999,11.055,9.980638297872336
600160,2021-07-26,12.29,12.18,12.76,11.91,12.02,668719.0,824713000.0,12.15,11.99,10.772999999999994,10.12,9.85,69.63,0.78,0.66,0.12,巨化股份,化学原料和化学制品制造业,主板,12.187499999999972,12.157499999999962,11.791666666666657,11.2925,10.033829787234037
600160,2021-07-27,12.52,12.11,13.39,12.03,12.18,787726.0,1004770000.0,12.17,12.05,10.934999999999993,10.22,9.91,68.25,0.76,0.68,0.08,巨化股份,化学原料和化学制品制造业,主板,12.142499999999972,12.159999999999961,11.929166666666658,11.478750000000002,10.0895744680851
600160,2021-07-28,11.77,11.52,12.08,11.11,12.11,624730.0,719642000.0,12.02,12.09,11.068999999999994,10.31,9.95,57.83,0.68,0.68,0.0,巨化股份,化学原料和化学制品制造业,主板,11.957499999999973,12.05124999999996,11.963333333333324,11.578125000000002,10.134893617021271
600160,2021-07-29,11.9,11.83,12.07,11.55,11.52,500822.0,590498000.0,11.93,12.06,11.225999999999996,10.41,10.0,61.18,0.65,0.67,-0.02,巨化股份,化学原料和化学制品制造业,主板,11.909999999999972,12.02749999999996,11.990833333333326,11.690625000000002,10.184680851063824
600160,2021-07-30,11.7,11.78,11.85,11.41,11.83,353262.0,409728000.0,11.88,12.0,11.395999999999995,10.51,10.05,60.35,0.61,0.66,-0.05,巨化股份,化学原料和化学制品制造业,主板,11.809999999999972,11.99874999999996,12.041666666666659,11.796250000000002,10.234042553191482
600160,2021-08-02,11.86,11.83,12.29,11.59,11.78,449771.0,533277000.0,11.81,11.98,11.530999999999995,10.61,10.09,60.92,0.57,0.64,-0.07,巨化股份,化学原料和化学制品制造业,主板,11.739999999999972,11.941249999999961,12.019999999999994,11.881875000000003,10.2795744680851
600160,2021-08-03,11.58,11.06,11.72,11.0,11.83,487432.0,549405000.0,11.6,11.89,11.587499999999995,10.69,10.12,49.14,0.47,0.61,-0.14,巨化股份,化学原料和化学制品制造业,主板,11.624999999999972,11.79124999999996,11.909166666666659,11.878750000000004,10.30829787234042
600160,2021-08-04,10.98,11.54,11.57,10.98,11.06,338376.0,384664000.0,11.61,11.81,11.662999999999995,10.78,10.16,54.98,0.44,0.57,-0.13,巨化股份,化学原料和化学制品制造业,主板,11.552499999999972,11.731249999999962,11.869166666666658,11.881250000000003,10.34425531914893
600160,2021-08-05,11.41,11.22,11.49,11.08,11.54,240778.0,269974000.0,11.49,11.71,11.719499999999995,10.86,10.2,50.79,0.37,0.53,-0.16,巨化股份,化学原料和化学制品制造业,主板,11.412499999999971,11.611249999999963,11.803333333333326,11.884375000000004,10.371063829787229
600160,2021-08-06,11.25,11.86,11.93,11.12,11.22,410237.0,476333000.0,11.5,11.69,11.789499999999993,10.97,10.24,57.73,0.36,0.5,-0.14,巨化股份,化学原料和化学制品制造业,主板,11.419999999999972,11.579999999999963,11.767499999999991,11.870000000000003,10.413404255319143
600160,2021-08-09,11.9,11.64,11.97,11.35,11.86,374493.0,432921000.0,11.46,11.64,11.815999999999994,11.06,10.28,54.87,0.34,0.47,-0.13,巨化股份,化学原料和化学制品制造业,主板,11.564999999999971,11.594999999999963,11.715833333333327,11.823125000000005,10.451489361702123
600160,2021-08-10,11.69,12.28,12.73,11.65,11.64,646925.0,795556000.0,11.71,11.66,11.854999999999993,11.18,10.33,60.94,0.37,0.45,-0.08,巨化股份,化学原料和化学制品制造业,主板,11.749999999999972,11.651249999999964,11.737499999999992,11.839375000000004,10.495106382978717
600160,2021-08-11,12.6,12.49,12.85,12.29,12.28,480731.0,602363000.0,11.9,11.75,11.920999999999996,11.3,10.37,62.71,0.4,0.44,-0.04,巨化股份,化学原料和化学制品制造业,主板,12.067499999999972,11.739999999999963,11.763333333333327,11.869375000000005,10.538085106382972
600160,2021-08-12,12.45,13.2,13.62,12.21,12.49,692742.0,909000000.0,12.29,11.89,11.976499999999994,11.45,10.43,68.0,0.48,0.45,0.03,巨化股份,化学原料和化学制品制造业,主板,12.402499999999971,11.911249999999963,11.854166666666657,11.926250000000005,10.595319148936163
600160,2021-08-13,13.05,12.95,13.45,12.76,13.2,403816.0,525703000.0,12.51,12.01,12.004499999999993,11.6,10.49,64.53,0.52,0.46,0.06,巨化股份,化学原料和化学制品制造业,主板,12.729999999999972,12.147499999999964,11.973333333333322,11.969375000000005,10.651702127659567
600160,2021-08-16,13.3,12.61,13.4,12.54,12.95,450237.0,582857000.0,12.71,12.08,12.033999999999994,11.72,10.54,60.04,0.52,0.47,0.05,巨化股份,化学原料和化学制品制造业,主板,12.812499999999972,12.281249999999964,12.03833333333332,12.006250000000003,10.70085106382978
600160,2021-08-17,12.4,11.65,12.56,11.48,12.61,533154.0,637496000.0,12.58,12.14,12.015999999999995,11.77,10.58,49.56,0.43,0.46,-0.03,巨化股份,化学原料和化学制品制造业,主板,12.60249999999997,12.334999999999965,12.027499999999987,11.973125000000003,10.729574468085099
600160,2021-08-18,11.75,11.56,11.87,11.39,11.65,245300.0,284764000.0,12.39,12.15,11.979499999999994,11.82,10.61,48.7,0.35,0.44,-0.09,巨化股份,化学原料和化学制品制造业,主板,12.19249999999997,12.297499999999966,12.004999999999987,11.938750000000002,10.778297872340419
600160,2021-08-19,11.56,11.66,11.83,11.32,11.56,232813.0,269977000.0,12.09,12.19,11.949499999999995,11.88,10.65,49.75,0.29,0.41,-0.12,巨化股份,化学原料和化学制品制造业,主板,11.869999999999969,12.299999999999965,12.054999999999986,11.947500000000002,10.836595744680844
600160,2021-08-20,11.64,11.91,12.0,11.35,11.66,256833.0,302336000.0,11.88,12.2,11.943999999999994,11.92,10.68,52.35,0.27,0.38,-0.11,巨化股份,化学原料和化学制品制造业,主板,11.694999999999968,12.253749999999965,12.08583333333332,11.9525,10.901914893617013
600160,2021-08-23,11.94,12.34,12.49,11.94,11.91,389396.0,478221000.0,11.82,12.26,11.951999999999995,11.97,10.73,56.52,0.27,0.36,-0.09,巨化股份,化学原料和化学制品制造业,主板,11.86749999999997,12.234999999999966,12.179166666666653,11.9875,10.978297872340418
600160,2021-08-24,12.52,12.52,12.88,12.42,12.34,432236.0,546038000.0,12.0,12.29,11.972499999999993,12.0,10.77,58.17,0.29,0.35,-0.06,巨化股份,化学原料和化学制品制造业,主板,12.10749999999997,12.149999999999965,12.234166666666653,12.030625,11.05765957446808
600160,2021-08-25,12.53,13.77,13.77,12.21,12.52,900845.0,1187590000.0,12.44,12.42,12.084999999999994,12.09,10.83,67.43,0.4,0.36,0.04,巨化股份,化学原料和化学制品制造业,主板,12.63499999999997,12.252499999999964,12.411666666666653,12.200000000000001,11.162978723404247
600160,2021-08-26,14.0,15.15,15.15,13.84,13.77,856579.0,1248380000.0,13.14,12.61,12.250999999999992,12.19,10.92,74.21,0.59,0.4,0.19,巨化股份,化学原料和化学制品制造业,主板,13.444999999999972,12.569999999999965,12.650833333333319,12.425625000000002,11.296170212765949
600160,2021-08-27,15.58,15.95,16.27,14.5,15.15,1528120.0,2367580000.0,13.95,12.91,12.459499999999993,12.31,11.02,77.18,0.8,0.48,0.32,巨化股份,化学原料和化学制品制造业,主板,14.347499999999972,13.107499999999964,12.939166666666651,12.721250000000001,11.448723404255313
600160,2021-08-30,16.5,15.96,17.18,15.7,15.95,1324060.0,2159180000.0,14.67,13.25,12.665999999999993,12.44,11.11,77.21,0.95,0.58,0.37,巨化股份,化学原料和化学制品制造业,主板,15.207499999999971,13.657499999999963,13.169166666666653,12.977500000000003,11.600638297872333
600160,2021-08-31,15.91,16.99,17.2,15.82,15.96,1198640.0,1997300000.0,15.56,13.78,12.962499999999991,12.6,11.22,80.55,1.15,0.69,0.46,巨化股份,化学原料和化学制品制造业,主板,16.01249999999997,14.323749999999963,13.505833333333321,13.311875000000004,11.778510638297865
600160,2021-09-01,16.77,15.29,17.05,15.29,16.99,1161630.0,1837110000.0,15.87,14.15,13.149999999999991,12.7,11.3,63.92,1.15,0.78,0.37,巨化股份,化学原料和化学制品制造业,主板,16.04749999999997,14.746249999999964,13.729166666666652,13.500000000000004,11.917659574468077
600160,2021-09-02,14.92,15.77,15.98,14.92,15.29,961459.0,1491660000.0,15.99,14.57,13.377499999999989,12.82,11.39,66.05,1.17,0.86,0.31,巨化股份,化学原料和化学制品制造业,主板,16.00249999999997,15.174999999999965,14.072499999999986,13.705000000000004,12.064468085106375
600160,2021-09-03,15.18,14.86,15.85,14.56,15.77,908480.0,1370800000.0,15.77,14.86,13.52749999999999,12.92,11.47,58.94,1.11,0.91,0.2,巨化股份,化学原料和化学制品制造业,主板,15.727499999999969,15.467499999999964,14.347499999999988,13.808750000000003,12.192553191489354
600160,2021-09-06,15.14,15.22,15.49,14.6,14.86,660647.0,999341000.0,15.63,15.15,13.706499999999991,13.02,11.57,60.74,1.08,0.94,0.14,巨化股份,化学原料和化学制品制造业,主板,15.284999999999972,15.648749999999966,14.644166666666655,13.950625000000004,12.331489361702118
600160,2021-09-07,15.48,15.79,16.21,15.05,15.22,955588.0,1499410000.0,15.39,15.48,13.881999999999994,13.14,11.68,63.47,1.08,0.97,0.11,巨化股份,化学原料和化学制品制造业,主板,15.409999999999973,15.728749999999966,14.967499999999987,14.149375000000003,12.489148936170203
600160,2021-09-08,15.88,16.4,16.74,15.25,15.79,1020120.0,1626600000.0,15.61,15.74,14.077499999999992,13.3,11.81,66.18,1.13,1.0,0.13,巨化股份,化学原料和化学制品制造业,主板,15.567499999999974,15.784999999999966,15.30583333333332,14.446250000000003,12.643829787234033
600160,2021-09-09,16.52,16.0,16.74,15.82,16.4,987182.0,1588710000.0,15.65,15.82,14.217499999999992,13.44,11.93,62.89,1.11,1.02,0.09,巨化股份,化学原料和化学制品制造业,主板,15.852499999999974,15.789999999999967,15.595833333333319,14.723750000000003,12.772978723404247
600160,2021-09-10,16.25,15.96,16.3,15.0,16.0,1024630.0,1619650000.0,15.87,15.82,14.367999999999991,13.58,12.05,62.55,1.08,1.04,0.04,巨化股份,化学原料和化学制品制造业,主板,16.037499999999973,15.661249999999969,15.77833333333332,14.992500000000003,12.899148936170205
600160,2021-09-13,16.15,16.76,17.05,15.85,15.96,1098360.0,1822440000.0,16.18,15.9,14.575499999999991,13.75,12.18,66.41,1.12,1.05,0.07,巨化股份,化学原料和化学制品制造业,主板,16.279999999999973,15.84499999999997,15.912499999999985,15.295625000000003,13.041063829787225
600160,2021-09-14,16.25,15.75,16.76,15.48,16.76,1014590.0,1621910000.0,16.17,15.78,14.780499999999993,13.9,12.29,58.25,1.04,1.05,-0.01,巨化股份,化学原料和化学制品制造业,主板,16.11749999999997,15.842499999999971,15.89583333333332,15.508750000000001,13.153617021276586
600160,2021-09-15,15.58,17.33,17.33,15.52,15.75,853452.0,1415280000.0,16.36,15.98,15.068999999999992,14.09,12.44,65.41,1.11,1.06,0.05,巨化股份,化学原料和化学制品制造业,主板,16.44999999999997,16.15124999999997,16.009999999999984,15.809375000000001,13.285957446808503
600160,2021-09-16,18.35,17.23,18.65,16.78,17.33,1808110.0,3207280000.0,16.61,16.13,15.347499999999991,14.3,12.58,64.65,1.13,1.08,0.05,巨化股份,化学原料和化学制品制造业,主板,16.76749999999997,16.402499999999968,16.029999999999983,16.025625,13.407872340425524
600160,2021-09-17,17.11,17.75,18.53,16.72,17.23,1457580.0,2577990000.0,16.96,16.42,15.63949999999999,14.49,12.73,66.8,1.19,1.1,0.09,巨化股份,化学原料和化学制品制造业,主板,17.01499999999997,16.64749999999997,16.23499999999998,16.188125000000003,13.547872340425524
600160,2021-09-22,17.4,19.53,19.53,17.4,17.75,988530.0,1841820000.0,17.52,16.85,15.998999999999992,14.75,12.91,72.88,1.35,1.15,0.2,巨化股份,化学原料和化学制品制造业,主板,17.95999999999997,17.03874999999997,16.548333333333314,16.411875000000006,13.706170212765949
600160,2021-09-23,20.02,18.97,20.38,18.11,19.53,1454300.0,2793720000.0,18.16,17.17,16.321499999999993,14.98,13.08,68.62,1.42,1.2,0.22,巨化股份,化学原料和化学制品制造业,主板,18.36999999999997,17.409999999999968,16.890833333333315,16.600000000000005,13.84617021276595
600160,2021-09-24,18.4,17.07,18.7,17.07,18.97,1133720.0,1977460000.0,18.11,17.24,16.486499999999992,15.13,13.21,56.56,1.31,1.22,0.09,巨化股份,化学原料和化学制品制造业,主板,18.329999999999966,17.548749999999966,17.04499999999998,16.605000000000004,13.953617021276589
600160,2021-09-27,16.6,15.36,16.89,15.36,17.07,999716.0,1572540000.0,17.74,17.17,16.496999999999993,15.2,13.32,48.32,1.07,1.19,-0.12,巨化股份,化学原料和化学制品制造业,主板,17.732499999999966,17.373749999999966,17.009166666666648,16.609375000000004,14.02489361702127
600160,2021-09-28,15.43,15.17,15.65,14.91,15.36,592862.0,906321000.0,17.22,17.09,16.457999999999995,15.28,13.44,47.49,0.86,1.13,-0.27,巨化股份,化学原料和化学制品制造业,主板,16.642499999999966,17.301249999999964,16.906666666666645,16.571875000000006,14.086170212765952
600160,2021-09-29,15.04,14.25,15.55,14.2,15.17,700762.0,1035970000.0,16.16,16.84,16.372499999999995,15.33,13.52,43.6,0.6,1.02,-0.42,巨化股份,化学原料和化学制品制造业,主板,15.462499999999967,16.916249999999962,16.760833333333313,16.533750000000005,14.128510638297866
600160,2021-09-30,14.48,14.93,15.1,14.33,14.25,480447.0,711743000.0,15.36,16.76,16.269499999999997,15.44,13.61,47.05,0.45,0.91,-0.46,巨化股份,化学原料和化学制品制造业,主板,14.927499999999965,16.628749999999965,16.67499999999998,16.515625000000004,14.190425531914887
600160,2021-10-08,15.27,14.37,15.31,13.76,14.93,711822.0,1025510000.0,14.82,16.46,16.223499999999994,15.53,13.68,44.63,0.29,0.78,-0.49,巨化股份,化学原料和化学制品制造业,主板,14.679999999999964,16.206249999999965,16.475833333333313,16.426875000000003,14.237021276595739
600160,2021-10-11,14.33,14.4,14.62,13.86,14.37,356653.0,510468000.0,14.62,16.18,16.154999999999994,15.62,13.75,44.79,0.15,0.66,-0.51,巨化股份,化学原料和化学制品制造业,主板,14.487499999999965,15.564999999999966,16.363333333333312,16.301875000000003,14.285744680851058
600160,2021-10-12,14.22,13.87,14.65,13.45,14.4,437995.0,609678000.0,14.36,15.79,16.105499999999996,15.69,13.81,42.4,0.01,0.53,-0.52,巨化股份,化学原料和化学制品制造业,主板,14.392499999999966,14.927499999999966,16.074999999999978,16.168750000000003,14.33574468085106
600160,2021-10-13,13.86,14.15,14.27,13.65,13.87,284586.0,399047000.0,14.34,15.25,16.051999999999992,15.75,13.86,44.1,-0.09,0.4,-0.49,巨化股份,化学原料和化学制品制造业,主板,14.197499999999968,14.562499999999968,15.818333333333314,16.055625000000003,14.385106382978716
600160,2021-10-14,13.88,14.2,14.54,13.67,14.15,310754.0,439839000.0,14.2,14.78,15.972499999999991,15.81,13.9,44.41,-0.15,0.29,-0.44,巨化股份,化学原料和化学制品制造业,主板,14.154999999999967,14.417499999999967,15.52249999999998,15.895625000000003,14.436595744680845
600160,2021-10-15,14.18,14.26,14.48,13.91,14.2,331222.0,471231000.0,14.18,14.5,15.865499999999992,15.82,13.95,44.82,-0.2,0.19,-0.39,巨化股份,化学原料和化学制品制造业,主板,14.119999999999967,14.303749999999967,15.083333333333313,15.802500000000002,14.48829787234042
600160,2021-10-18,14.45,14.49,14.6,14.11,14.26,431769.0,621860000.0,14.19,14.41,15.789999999999992,15.8,13.99,46.42,-0.21,0.11,-0.32,巨化股份,化学原料和化学制品制造业,主板,14.274999999999968,14.333749999999966,14.70999999999998,15.625000000000004,14.561276595744676
600160,2021-10-19,14.44,15.04,15.1,14.2,14.49,515057.0,760877000.0,14.43,14.4,15.743999999999994,15.77,14.04,50.14,-0.18,0.05,-0.23,巨化股份,化学原料和化学制品制造业,主板,14.497499999999969,14.347499999999965,14.540833333333312,15.488125000000005,14.635744680851058
600160,2021-10-20,14.5,15.24,15.47,14.26,15.04,557095.0,837061000.0,14.65,14.5,15.667999999999996,15.75,14.09,51.46,-0.14,0.02,-0.16,巨化股份,化学原料和化学制品制造业,主板,14.757499999999968,14.456249999999965,14.530833333333314,15.331250000000004,14.721276595744676
600160,2021-10-21,15.11,15.1,15.55,15.04,15.24,431042.0,658657000.0,14.83,14.51,15.635499999999997,15.68,14.14,50.45,-0.11,-0.01,-0.1,巨化股份,化学原料和化学制品制造业,主板,14.967499999999967,14.543749999999964,14.524999999999983,15.054375000000006,14.790212765957442
600160,2021-10-22,15.1,14.8,15.43,14.7,15.1,398302.0,599138000.0,14.93,14.56,15.508999999999997,15.67,14.19,48.27,-0.11,-0.03,-0.08,巨化股份,化学原料和化学制品制造业,主板,15.044999999999968,14.659999999999965,14.570833333333317,14.793750000000006,14.857446808510632
600160,2021-10-25,14.55,15.02,15.2,14.55,14.8,388457.0,582755000.0,15.04,14.62,15.398499999999995,15.64,14.23,49.98,-0.1,-0.04,-0.06,巨化股份,化学原料和化学制品制造业,主板,15.039999999999969,14.768749999999965,14.578333333333317,14.665625000000007,14.915744680851057
600160,2021-10-26,15.23,15.78,16.32,14.96,15.02,634450.0,997756000.0,15.19,14.81,15.299999999999994,15.67,14.29,55.45,-0.03,-0.04,0.01,巨化股份,化学原料和化学制品制造业,主板,15.174999999999967,14.966249999999965,14.695833333333317,14.691875000000007,14.985744680851058
600160,2021-10-27,15.74,16.62,16.69,15.6,15.78,683551.0,1109350000.0,15.46,15.05,15.154499999999995,15.72,14.37,60.58,0.1,-0.01,0.11,巨化股份,化学原料和化学制品制造业,主板,15.554999999999966,15.261249999999963,14.880833333333316,14.782500000000008,15.058510638297864
600160,2021-10-28,16.5,15.76,16.54,15.25,16.62,665810.0,1052880000.0,15.6,15.21,14.993999999999994,15.72,14.43,53.75,0.13,0.02,0.11,巨化股份,化学原料和化学制品制造业,主板,15.794999999999966,15.419999999999964,15.038333333333314,14.876875000000007,15.118297872340417
600160,2021-10-29,15.5,15.54,16.09,14.9,15.76,567974.0,876650000.0,15.74,15.34,14.917499999999995,15.69,14.5,52.14,0.13,0.04,0.09,巨化股份,化学原料和化学制品制造业,主板,15.924999999999965,15.482499999999966,15.154166666666647,14.915000000000006,15.180638297872331
600160,2021-11-01,15.2,15.3,15.65,14.95,15.54,424154.0,649901000.0,15.8,15.42,14.914499999999995,15.67,14.55,50.35,0.11,0.05,0.06,巨化股份,化学原料和化学制品制造业,主板,15.804999999999964,15.489999999999968,15.245833333333316,14.973125000000007,15.258297872340416
600160,2021-11-02,15.35,14.28,15.35,14.0,15.3,581924.0,849534000.0,15.5,15.34,14.869999999999994,15.61,14.6,43.55,0.02,0.05,-0.03,巨化股份,化学原料和化学制品制造业,主板,15.219999999999963,15.387499999999967,15.247499999999983,14.965625000000006,15.316170212765948
600160,2021-11-03,14.24,14.38,14.48,13.95,14.28,309367.0,441032000.0,15.05,15.26,14.876499999999993,15.53,14.64,44.34,-0.04,0.03,-0.07,巨化股份,化学原料和化学制品制造业,主板,14.874999999999963,15.334999999999967,15.238333333333316,14.997500000000006,15.374042553191481
600160,2021-11-04,14.43,14.06,14.56,14.01,14.38,296376.0,422099000.0,14.71,15.15,14.832999999999993,15.48,14.69,42.29,-0.12,0.0,-0.12,巨化股份,化学原料和化学制品制造业,主板,14.504999999999962,15.214999999999966,15.15666666666665,14.991875000000006,15.419787234042543
600160,2021-11-05,13.96,12.65,14.14,12.65,14.06,730108.0,957123000.0,14.13,14.94,14.746999999999991,15.32,14.71,34.68,-0.3,-0.06,-0.24,巨化股份,化学原料和化学制品制造业,主板,13.842499999999962,14.823749999999965,14.940833333333316,14.895000000000007,15.426382978723394
600160,2021-11-08,12.66,12.7,12.82,12.33,12.65,439732.0,554485000.0,13.61,14.71,14.661999999999992,15.17,14.73,35.12,-0.43,-0.13,-0.3,巨化股份,化学原料和化学制品制造业,主板,13.447499999999962,14.333749999999963,14.740833333333315,14.797500000000007,15.430212765957437
600160,2021-11-09,12.69,12.88,12.92,12.41,12.7,370466.0,469507000.0,13.33,14.42,14.612499999999992,15.01,14.75,36.8,-0.51,-0.21,-0.3,巨化股份,化学原料和化学制品制造业,主板,13.07249999999996,13.973749999999962,14.580833333333315,14.696875000000006,15.411276595744672
600160,2021-11-10,12.71,12.58,12.75,12.26,12.88,337056.0,421402000.0,12.97,14.01,14.533999999999992,14.77,14.76,35.17,-0.59,-0.29,-0.3,巨化股份,化学原料和化学制品制造业,主板,12.702499999999961,13.603749999999962,14.377499999999982,14.543125000000007,15.356595744680844
600160,2021-11-11,12.61,12.92,12.95,12.48,12.58,351752.0,447490000.0,12.75,13.73,14.469999999999994,14.57,14.77,38.49,-0.62,-0.35,-0.27,巨化股份,化学原料和化学制品制造业,主板,12.769999999999962,13.306249999999963,14.139166666666647,14.398125000000006,15.292127659574458
600160,2021-11-12,12.96,12.73,12.97,12.66,12.92,269085.0,343298000.0,12.76,13.45,14.393499999999994,14.43,14.78,37.34,-0.65,-0.41,-0.24,巨化股份,化学原料和化学制品制造业,主板,12.77749999999996,13.112499999999963,13.814999999999978,14.250000000000005,15.223404255319139
600160,2021-11-15,12.68,12.37,12.7,12.12,12.73,373039.0,459861000.0,12.7,13.16,14.287499999999994,14.33,14.76,35.19,-0.7,-0.47,-0.23,巨化股份,化学原料和化学制品制造业,主板,12.64999999999996,12.861249999999965,13.53249999999998,14.098125000000005,15.125106382978714
600160,2021-11-16,12.37,12.1,12.49,12.02,12.37,271578.0,332648000.0,12.54,12.94,14.140499999999994,14.23,14.75,33.63,-0.75,-0.53,-0.22,巨化股份,化学原料和化学制品制造业,主板,12.52999999999996,12.616249999999964,13.245833333333314,13.915625000000004,15.057234042553183
600160,2021-11-17,12.04,12.23,12.34,12.04,12.1,230843.0,282123000.0,12.47,12.72,13.989999999999995,14.16,14.74,35.12,-0.77,-0.57,-0.2,巨化股份,化学原料和化学制品制造业,主板,12.357499999999959,12.563749999999963,12.989999999999979,13.693750000000003,14.981914893617013
600160,2021-11-18,12.2,12.35,12.58,12.15,12.23,315401.0,389789000.0,12.36,12.55,13.852499999999996,14.07,14.76,36.54,-0.77,-0.61,-0.16,巨化股份,化学原料和化学制品制造业,主板,12.26249999999996,12.519999999999962,12.829166666666644,13.426875000000003,14.928510638297865
600160,2021-11-19,12.35,12.55,12.89,12.15,12.35,402036.0,503943000.0,12.32,12.54,13.739999999999995,14.01,14.77,38.94,-0.73,-0.64,-0.09,巨化股份,化学原料和化学制品制造业,主板,12.30749999999996,12.478749999999962,12.676666666666646,13.226250000000004,14.871702127659566
600160,2021-11-22,12.43,12.82,12.84,12.43,12.55,363204.0,461568000.0,12.41,12.55,13.629999999999995,13.96,14.79,42.12,-0.69,-0.65,-0.04,巨化股份,化学原料和化学制品制造业,主板,12.48749999999996,12.508749999999962,12.573333333333311,13.056250000000004,14.808510638297864
600160,2021-11-23,12.82,12.74,13.05,12.67,12.82,284701.0,364810000.0,12.54,12.54,13.477999999999998,13.92,14.81,41.43,-0.65,-0.65,0.0,巨化股份,化学原料和化学制品制造业,主板,12.61499999999996,12.486249999999961,12.580833333333311,12.896250000000004,14.730638297872334
600160,2021-11-24,12.71,13.1,13.23,12.56,12.74,361647.0,466595000.0,12.71,12.59,13.301999999999998,13.89,14.82,45.73,-0.58,-0.63,0.05,巨化股份,化学原料和化学制品制造业,主板,12.80249999999996,12.53249999999996,12.614166666666646,12.822500000000003,14.66893617021276
600160,2021-11-25,13.13,13.81,13.95,12.93,13.1,637818.0,865222000.0,13.0,12.68,13.2045,13.87,14.84,53.05,-0.46,-0.6,0.14,巨化股份,化学原料和化学制品制造业,主板,13.11749999999996,12.71249999999996,12.691666666666647,12.786875000000004,14.623191489361695
600160,2021-11-26,13.8,13.53,13.83,13.41,13.81,359524.0,489150000.0,13.2,12.76,13.103999999999996,13.85,14.84,50.17,-0.39,-0.56,0.17,巨化股份,化学原料和化学制品制造业,主板,13.29499999999996,12.89124999999996,12.770833333333313,12.753750000000004,14.554468085106375
600160,2021-11-29,13.23,13.33,13.42,13.08,13.53,283557.0,376024000.0,13.3,12.86,13.005499999999994,13.81,14.81,48.17,-0.34,-0.51,0.17,巨化股份,化学原料和化学制品制造业,主板,13.442499999999962,13.02874999999996,12.80499999999998,12.796250000000004,14.502978723404247
600160,2021-11-30,13.59,13.2,13.59,13.1,13.33,341934.0,456269000.0,13.39,12.97,12.951499999999996,13.75,14.76,46.85,-0.3,-0.47,0.17,巨化股份,化学原料和化学制品制造业,主板,13.46749999999996,13.13499999999996,12.844166666666647,12.827500000000004,14.415106382978715
600160,2021-12-01,13.05,13.15,13.32,12.83,13.2,311951.0,406684000.0,13.4,13.06,12.889999999999995,13.68,14.71,46.33,-0.28,-0.43,0.15,巨化股份,化学原料和化学制品制造业,主板,13.30249999999996,13.209999999999962,12.909166666666648,12.844375000000005,14.328297872340418
600160,2021-12-02,13.03,12.76,13.23,12.75,13.15,340805.0,441400000.0,13.19,13.1,12.824999999999994,13.6,14.64,42.36,-0.29,-0.4,0.11,巨化股份,化学原料和化学制品制造业,主板,13.10999999999996,13.202499999999961,12.964166666666648,12.855625000000003,14.22212765957446
600160,2021-12-03,12.83,12.71,12.92,12.66,12.76,294665.0,375880000.0,13.03,13.12,12.827999999999994,13.53,14.6,41.87,-0.3,-0.38,0.08,巨化股份,化学原料和化学制品制造业,主板,12.95499999999996,13.198749999999963,13.004166666666649,12.842500000000005,14.077021276595737
600160,2021-12-06,13.13,12.99,13.59,12.93,12.71,647732.0,859108000.0,12.96,13.13,12.842499999999996,13.46,14.55,45.7,-0.29,-0.36,0.07,巨化股份,化学原料和化学制品制造业,主板,12.902499999999957,13.184999999999963,13.057499999999983,12.858750000000006,13.949787234042546
600160,2021-12-07,13.08,12.54,13.17,12.29,12.99,416423.0,524302000.0,12.83,13.11,12.825499999999996,13.36,14.51,41.02,-0.3,-0.35,0.05,巨化股份,化学原料和化学制品制造业,主板,12.74999999999996,13.026249999999962,13.056666666666649,12.869375000000005,13.85340425531914
600160,2021-12-08,12.5,12.9,13.06,12.46,12.54,327385.0,420714000.0,12.78,13.09,12.841499999999996,13.23,14.48,45.8,-0.28,-0.34,0.06,巨化股份,化学原料和化学制品制造业,主板,12.78499999999996,12.947499999999962,13.063333333333317,12.919375000000006,13.801063829787223
600160,2021-12-09,12.98,12.67,12.98,12.55,12.9,269039.0,340404000.0,12.76,12.98,12.828999999999997,13.13,14.42,43.38,-0.28,-0.33,0.05,巨化股份,化学原料和化学制品制造业,主板,12.77499999999996,12.864999999999963,13.057499999999981,12.946875000000006,13.747872340425522
600160,2021-12-10,12.6,12.6,12.72,12.51,12.67,207262.0,261136000.0,12.74,12.88,12.822499999999996,13.03,14.36,42.64,-0.29,-0.32,0.03,巨化股份,化学原料和化学制品制造业,主板,12.67749999999996,12.789999999999962,13.015833333333314,12.962500000000006,13.712765957446798
600160,2021-12-13,12.86,13.25,13.36,12.75,12.6,501154.0,656027000.0,12.79,12.88,12.866499999999997,12.96,14.31,50.98,-0.24,-0.3,0.06,巨化股份,化学原料和化学制品制造业,主板,12.85499999999996,12.802499999999961,12.969166666666647,13.006250000000005,13.677021276595736
600160,2021-12-14,13.23,13.09,13.27,12.99,13.25,261102.0,342581000.0,12.9,12.87,12.915999999999993,12.92,14.27,49.09,-0.2,-0.28,0.08,巨化股份,化学原料和化学制品制造业,主板,12.902499999999959,12.843749999999961,12.932499999999981,13.023125000000006,13.649787234042545
600160,2021-12-15,13.0,12.77,13.17,12.72,13.09,276931.0,357107000.0,12.88,12.83,12.942999999999993,12.87,14.2,45.46,-0.2,-0.27,0.07,巨化股份,化学原料和化学制品制造业,主板,12.92749999999996,12.851249999999961,12.885833333333315,13.025000000000006,13.615106382978716
600160,2021-12-16,12.77,12.8,12.82,12.55,12.77,220672.0,279685000.0,12.9,12.83,12.965499999999992,12.83,14.15,45.86,-0.19,-0.25,0.06,巨化股份,化学原料和化学制品制造业,主板,12.977499999999958,12.827499999999961,12.852499999999983,13.006250000000007,13.592340425531907
600160,2021-12-17,12.79,12.59,12.88,12.59,12.8,239721.0,303683000.0,12.9,12.82,12.96749999999999,12.83,14.07,43.43,-0.21,-0.24,0.03,巨化股份,化学原料和化学制品制造业,主板,12.812499999999957,12.833749999999963,12.805833333333316,12.930000000000007,13.559148936170205
600160,2021-12-20,12.5,12.2,12.5,12.06,12.59,248741.0,303537000.0,12.69,12.74,12.93649999999999,12.81,13.99,39.27,-0.24,-0.24,0.0,巨化股份,化学原料和化学制品制造业,主板,12.589999999999957,12.746249999999963,12.75916666666665,12.846875000000006,13.516595744680844
600160,2021-12-21,12.15,12.26,12.32,12.13,12.2,131470.0,160934000.0,12.52,12.71,12.912499999999989,12.79,13.9,40.22,-0.27,-0.25,-0.02,巨化股份,化学原料和化学制品制造业,主板,12.462499999999956,12.694999999999963,12.721666666666648,12.780000000000005,13.474042553191481
600160,2021-12-22,12.25,12.49,12.68,12.19,12.26,185301.0,231513000.0,12.47,12.67,12.881999999999987,12.78,13.78,43.84,-0.25,-0.25,0.0,巨化股份,化学原料和化学制品制造业,主板,12.384999999999955,12.681249999999963,12.67999999999998,12.735625000000006,13.43148936170212
600160,2021-12-23,12.57,12.38,12.57,12.36,12.49,118562.0,147508000.0,12.38,12.64,12.810499999999987,12.77,13.67,42.52,-0.26,-0.25,-0.01,巨化股份,化学原料和化学制品制造业,主板,12.332499999999957,12.572499999999962,12.666666666666648,12.687500000000005,13.37489361702127
600160,2021-12-24,12.37,12.11,12.39,12.04,12.38,162600.0,197145000.0,12.29,12.59,12.739499999999989,12.75,13.59,39.37,-0.28,-0.26,-0.02,巨化股份,化学原料和化学制品制造业,主板,12.309999999999956,12.449999999999962,12.600833333333314,12.646875000000005,13.308297872340418
600160,2021-12-27,12.2,11.84,12.2,11.68,12.11,178102.0,210789000.0,12.22,12.45,12.664999999999988,12.73,13.53,36.46,-0.32,-0.27,-0.05,巨化股份,化学原料和化学制品制造业,主板,12.204999999999957,12.333749999999963,12.53166666666665,12.592500000000005,13.238936170212758
600160,2021-12-28,11.92,12.22,12.3,11.86,11.84,178961.0,217465000.0,12.21,12.37,12.615999999999989,12.73,13.48,42.86,-0.31,-0.28,-0.03,巨化股份,化学原料和化学制品制造业,主板,12.137499999999957,12.261249999999963,12.499999999999984,12.544375000000004,13.184042553191484
600160,2021-12-29,12.3,12.38,12.55,12.18,12.22,242484.0,301231000.0,12.19,12.33,12.577499999999988,12.74,13.45,45.35,-0.29,-0.28,-0.01,巨化股份,化学原料和化学制品制造业,主板,12.137499999999957,12.234999999999962,12.427499999999982,12.534375000000004,13.127872340425528
600160,2021-12-30,12.46,12.83,13.19,12.42,12.38,438600.0,566385000.0,12.28,12.33,12.580999999999989,12.75,13.41,51.73,-0.23,-0.27,0.04,巨化股份,化学原料和化学制品制造业,主板,12.317499999999956,12.313749999999962,12.405833333333318,12.530000000000005,13.065106382978719
600160,2021-12-31,12.83,12.91,12.99,12.7,12.83,251469.0,323563000.0,12.44,12.36,12.59099999999999,12.77,13.39,52.79,-0.17,-0.25,0.08,巨化股份,化学原料和化学制品制造业,主板,12.584999999999955,12.39499999999996,12.417499999999983,12.545000000000005,12.986170212765954
600160,2022-01-04,13.0,12.81,13.12,12.72,12.91,232665.0,299082000.0,12.63,12.42,12.581999999999988,12.77,13.36,51.28,-0.14,-0.23,0.09,巨化股份,化学原料和化学制品制造业,主板,12.732499999999956,12.434999999999961,12.418333333333315,12.558125000000006,12.923404255319143
600160,2022-01-05,12.88,12.64,12.88,12.46,12.81,246645.0,311550000.0,12.71,12.46,12.586999999999987,12.76,13.34,48.73,-0.13,-0.21,0.08,巨化股份,化学原料和化学制品制造业,主板,12.797499999999955,12.467499999999962,12.422499999999983,12.520000000000007,12.86170212765957
600160,2022-01-06,12.54,12.51,12.65,12.41,12.64,156926.0,196320000.0,12.74,12.46,12.567499999999988,12.74,13.31,46.81,-0.12,-0.19,0.07,巨化股份,化学原料和化学制品制造业,主板,12.717499999999955,12.517499999999963,12.448333333333316,12.483750000000006,12.802340425531911
600160,2022-01-07,12.53,12.25,12.56,12.23,12.51,193465.0,238858000.0,12.62,12.45,12.546499999999991,12.69,13.28,43.15,-0.14,-0.18,0.04,巨化股份,化学原料和化学制品制造业,主板,12.552499999999956,12.568749999999962,12.447499999999984,12.451250000000005,12.75914893617021
600160,2022-01-10,12.22,12.27,12.36,12.13,12.25,126678.0,155354000.0,12.5,12.47,12.52999999999999,12.65,13.25,43.52,-0.15,-0.17,0.02,巨化股份,化学原料和化学制品制造业,主板,12.417499999999954,12.574999999999962,12.429166666666651,12.418125000000005,12.714255319148933
600160,2022-01-11,12.35,12.18,12.75,12.15,12.27,238430.0,294429000.0,12.37,12.5,12.47649999999999,12.61,13.21,42.2,-0.16,-0.17,0.01,巨化股份,化学原料和化学制品制造业,主板,12.302499999999954,12.549999999999962,12.412499999999985,12.392500000000005,12.674255319148932
600160,2022-01-12,12.3,12.42,12.64,12.2,12.18,196342.0,244208000.0,12.33,12.52,12.44299999999999,12.58,13.17,46.82,-0.15,-0.17,0.02,巨化股份,化学原料和化学制品制造业,主板,12.279999999999955,12.498749999999962,12.438333333333318,12.406250000000005,12.669361702127656
600160,2022-01-13,12.32,12.06,12.43,12.03,12.42,200597.0,244140000.0,12.24,12.49,12.407499999999988,12.55,13.11,41.47,-0.17,-0.17,0.0,巨化股份,化学原料和化学制品制造业,主板,12.232499999999956,12.392499999999963,12.456666666666651,12.393750000000006,12.655744680851058
600160,2022-01-14,12.0,11.96,12.14,11.86,12.06,157496.0,188929000.0,12.18,12.4,12.365499999999988,12.52,13.06,40.1,-0.19,-0.17,-0.02,巨化股份,化学原料和化学制品制造业,主板,12.154999999999955,12.286249999999963,12.434999999999986,12.360625000000006,12.636170212765952
600160,2022-01-17,12.0,12.04,12.18,11.95,11.96,142110.0,171538000.0,12.13,12.31,12.33799999999999,12.5,13.02,41.76,-0.2,-0.18,-0.02,巨化股份,化学原料和化学制品制造业,主板,12.119999999999955,12.211249999999962,12.406666666666652,12.339375000000006,12.624680851063824
600160,2022-01-18,12.04,11.98,12.12,11.91,12.04,157437.0,189026000.0,12.09,12.23,12.32699999999999,12.46,12.96,40.84,-0.2,-0.18,-0.02,巨化股份,化学原料和化学制品制造业,主板,12.009999999999955,12.144999999999962,12.335833333333317,12.331250000000004,12.604680851063824
600160,2022-01-19,11.93,12.01,12.1,11.92,11.98,145610.0,175111000.0,12.01,12.17,12.31449999999999,12.45,12.9,41.53,-0.21,-0.19,-0.02,巨化股份,化学原料和化学制品制造业,主板,11.997499999999954,12.114999999999963,12.260833333333316,12.341875000000003,12.589361702127654
600160,2022-01-20,11.99,11.34,11.99,11.2,12.01,402593.0,463856000.0,11.87,12.05,12.256999999999987,12.4,12.81,32.45,-0.26,-0.2,-0.06,巨化股份,化学原料和化学制品制造业,主板,11.842499999999953,11.998749999999964,12.138333333333316,12.286875000000004,12.567446808510633
600160,2022-01-21,11.36,11.39,11.52,11.02,11.34,178016.0,201864000.0,11.75,11.96,12.207499999999987,12.35,12.74,33.61,-0.29,-0.22,-0.07,巨化股份,化学原料和化学制品制造业,主板,11.679999999999954,11.899999999999963,12.03416666666665,12.225000000000005,12.552340425531908
600160,2022-01-24,11.39,11.55,11.55,11.25,11.39,160611.0,183249000.0,11.65,11.89,12.179499999999987,12.32,12.67,37.34,-0.3,-0.24,-0.06,巨化股份,化学原料和化学制品制造业,主板,11.572499999999952,11.791249999999962,11.954166666666652,12.145000000000005,12.537872340425524
600160,2022-01-25,12.0,12.12,12.57,11.94,11.55,639542.0,782774000.0,11.68,11.89,12.193499999999988,12.28,12.62,48.46,-0.26,-0.24,-0.02,巨化股份,化学原料和化学制品制造业,主板,11.599999999999952,11.798749999999963,11.94333333333332,12.095625000000005,12.532978723404247
600160,2022-01-26,12.48,13.33,13.33,12.22,12.12,888094.0,1147380000.0,11.95,11.98,12.248999999999988,12.29,12.61,63.33,-0.13,-0.22,0.09,巨化股份,化学原料和化学制品制造业,主板,12.09749999999995,11.969999999999963,12.031666666666652,12.128125000000006,12.5495744680851
600160,2022-01-27,13.16,12.84,13.32,12.77,13.33,595423.0,772017000.0,12.25,12.06,12.271999999999988,12.29,12.58,56.25,-0.07,-0.19,0.12,巨化股份,化学原料和化学制品制造业,主板,12.459999999999951,12.069999999999965,12.086666666666652,12.140625000000007,12.549999999999994
600160,2022-01-28,12.87,12.9,13.13,12.55,12.84,437349.0,562586000.0,12.55,12.15,12.275499999999987,12.29,12.56,56.88,-0.01,-0.15,0.14,巨化股份,化学原料和化学制品制造业,主板,12.79749999999995,12.184999999999965,12.126666666666653,12.165000000000008,12.553404255319142
600160,2022-02-07,13.08,13.62,13.75,12.88,12.9,629785.0,833815000.0,12.96,12.31,12.310999999999986,12.33,12.58,63.7,0.09,-0.1,0.19,巨化股份,化学原料和化学制品制造业,主板,13.172499999999951,12.386249999999965,12.256666666666653,12.250625000000008,12.564468085106375
600160,2022-02-08,13.4,13.82,13.84,13.28,13.62,561564.0,759314000.0,13.3,12.49,12.361499999999987,12.38,12.6,65.34,0.18,-0.05,0.23,巨化股份,化学原料和化学制品制造业,主板,13.294999999999952,12.696249999999964,12.411666666666653,12.347500000000007,12.564680851063825
600160,2022-02-09,13.73,13.47,13.76,13.36,13.82,365841.0,493134000.0,13.33,12.64,12.402999999999988,12.42,12.61,60.21,0.23,0.01,0.22,巨化股份,化学原料和化学制品制造业,主板,13.45249999999995,12.956249999999963,12.53083333333332,12.428125000000007,12.563404255319144
600160,2022-02-10,13.47,13.31,13.47,13.07,13.47,358442.0,475206000.0,13.42,12.84,12.442999999999989,12.45,12.62,57.98,0.24,0.05,0.19,巨化股份,化学原料和化学制品制造业,主板,13.554999999999952,13.176249999999964,12.641666666666653,12.483750000000008,12.56297872340425
600160,2022-02-11,13.19,13.38,13.66,13.13,13.31,346533.0,465828000.0,13.52,13.03,12.499499999999989,12.48,12.62,58.7,0.26,0.1,0.16,巨化股份,化学原料和化学制品制造业,主板,13.494999999999953,13.333749999999963,12.755833333333321,12.566250000000007,12.56680851063829
600160,2022-02-14,13.15,13.3,13.73,13.1,13.38,317547.0,426134000.0,13.46,13.21,12.55099999999999,12.52,12.63,57.48,0.27,0.13,0.14,巨化股份,化学原料和化学制品制造业,主板,13.364999999999954,13.329999999999963,12.919166666666655,12.650000000000007,12.569999999999991
600160,2022-02-15,13.35,13.56,13.62,13.16,13.3,244354.0,328380000.0,13.4,13.35,12.619999999999987,12.58,12.65,60.36,0.29,0.16,0.13,巨化股份,化学原料和化学制品制造业,主板,13.387499999999953,13.419999999999963,13.099999999999989,12.745000000000008,12.587021276595737
600160,2022-02-16,13.6,13.57,13.7,13.4,13.56,240060.0,324810000.0,13.42,13.38,12.677499999999988,12.62,12.68,60.47,0.31,0.19,0.12,巨化股份,化学原料和化学制品制造业,主板,13.45249999999995,13.503749999999961,13.268333333333322,12.844375000000008,12.605319148936161
600160,2022-02-17,13.68,14.41,14.44,13.42,13.57,649339.0,910463000.0,13.64,13.53,12.794999999999987,12.69,12.72,68.45,0.38,0.23,0.15,巨化股份,化学原料和化学制品制造业,主板,13.70999999999995,13.60249999999996,13.459166666666654,12.994375000000009,12.635531914893608
600160,2022-02-18,14.2,14.32,14.54,13.98,14.41,408775.0,581356000.0,13.83,13.68,12.912999999999988,12.74,12.75,66.89,0.43,0.27,0.16,巨化股份,化学原料和化学制品制造业,主板,13.96499999999995,13.66499999999996,13.541666666666652,13.180625000000008,12.673404255319141
600160,2022-02-21,14.6,14.45,14.75,14.3,14.32,356084.0,515801000.0,14.06,13.76,13.033499999999986,12.79,12.78,68.02,0.47,0.31,0.16,巨化股份,化学原料和化学制品制造业,主板,14.18749999999995,13.78749999999996,13.675833333333317,13.371875000000006,12.706382978723399
600160,2022-02-22,14.35,14.89,15.22,14.25,14.45,600229.0,889856000.0,14.33,13.87,13.178999999999984,12.86,12.81,71.57,0.53,0.35,0.18,巨化股份,化学原料和化学制品制造业,主板,14.51749999999995,13.98499999999996,13.841666666666653,13.580625000000005,12.75361702127659
600160,2022-02-23,14.8,15.02,15.06,14.71,14.89,381795.0,569033000.0,14.62,14.02,13.329499999999985,12.94,12.85,72.53,0.58,0.4,0.18,巨化股份,化学原料和化学制品制造业,主板,14.669999999999952,14.18999999999996,13.95833333333332,13.761875000000005,12.805106382978718
600160,2022-02-24,15.0,14.87,15.7,14.52,15.02,797902.0,1206180000.0,14.71,14.18,13.505999999999986,13.02,12.88,69.59,0.61,0.44,0.17,巨化股份,化学原料和化学制品制造业,主板,14.807499999999953,14.38624999999996,14.04583333333332,13.858125000000005,12.8395744680851
600160,2022-02-25,15.15,14.47,15.3,14.44,14.87,592472.0,878620000.0,14.74,14.29,13.659999999999988,13.1,12.89,62.32,0.59,0.47,0.12,巨化股份,化学原料和化学制品制造业,主板,14.812499999999954,14.499999999999961,14.129166666666654,13.960000000000004,12.86893617021276
600160,2022-02-28,14.3,14.62,14.71,14.21,14.47,391138.0,568344000.0,14.77,14.42,13.813499999999987,13.17,12.91,63.85,0.58,0.49,0.09,巨化股份,化学原料和化学制品制造业,主板,14.744999999999955,14.631249999999962,14.23833333333332,14.067500000000004,12.90829787234042
600160,2022-03-01,14.64,15.0,15.1,14.53,14.62,461609.0,687833000.0,14.8,14.56,13.957499999999987,13.27,12.94,67.44,0.59,0.51,0.08,巨化股份,化学原料和化学制品制造业,主板,14.739999999999956,14.704999999999963,14.37333333333332,14.153750000000004,12.955106382978718
600160,2022-03-02,14.95,14.73,15.03,14.66,15.0,256711.0,379721000.0,14.74,14.68,14.02749999999999,13.34,12.96,62.67,0.58,0.53,0.05,巨化股份,化学原料和化学制品制造业,主板,14.704999999999957,14.756249999999962,14.492499999999986,14.210625000000004,13.000638297872335
600160,2022-03-03,14.89,14.49,14.92,14.42,14.73,271282.0,396803000.0,14.66,14.69,14.10999999999999,13.43,12.99,58.7,0.54,0.53,0.01,巨化股份,化学原料和化学制品制造业,主板,14.709999999999958,14.761249999999963,14.569999999999986,14.274375000000004,13.049361702127653
600160,2022-03-04,14.3,14.29,14.63,14.18,14.49,248329.0,357416000.0,14.63,14.68,14.179499999999994,13.5,13.01,55.54,0.48,0.52,-0.04,巨化股份,化学原料和化学制品制造业,主板,14.627499999999957,14.686249999999964,14.629999999999987,14.335625000000004,13.092553191489355
600160,2022-03-07,14.0,13.78,14.19,13.61,14.29,387754.0,538198000.0,14.46,14.62,14.187499999999991,13.56,13.03,48.39,0.4,0.5,-0.1,巨化股份,化学原料和化学制品制造业,主板,14.322499999999955,14.531249999999963,14.577499999999986,14.360625000000004,13.119999999999992
600160,2022-03-08,13.77,13.21,13.93,13.02,13.78,466298.0,623666000.0,14.1,14.45,14.156999999999991,13.6,13.03,41.9,0.28,0.45,-0.17,巨化股份,化学原料和化学制品制造业,主板,13.942499999999956,14.323749999999961,14.484999999999987,14.355000000000004,13.137659574468078
600160,2022-03-09,13.22,12.86,13.34,12.27,13.21,395864.0,507890000.0,13.73,14.23,14.12649999999999,13.63,13.04,38.48,0.15,0.39,-0.24,巨化股份,化学原料和化学制品制造业,主板,13.534999999999956,14.122499999999961,14.352499999999987,14.311250000000005,13.15361702127659
600160,2022-03-10,13.2,13.52,13.66,13.1,12.86,370729.0,496252000.0,13.53,14.1,14.13699999999999,13.7,13.05,47.22,0.11,0.34,-0.23,巨化股份,化学原料和化学制品制造业,主板,13.342499999999957,13.98499999999996,14.23833333333332,14.308125000000006,13.189361702127652
600160,2022-03-11,13.29,13.48,13.58,13.01,13.52,260329.0,346175000.0,13.37,14.0,14.14199999999999,13.77,13.06,46.78,0.07,0.28,-0.21,巨化股份,化学原料和化学制品制造业,主板,13.267499999999956,13.79499999999996,14.109999999999985,14.250000000000005,13.216170212765949
600160,2022-03-14,13.32,12.94,13.49,12.9,13.48,331059.0,436355000.0,13.2,13.83,14.12399999999999,13.82,13.07,41.27,0.0,0.23,-0.23,巨化股份,化学原料和化学制品制造业,主板,13.199999999999955,13.57124999999996,13.94916666666665,14.163750000000006,13.228085106382972
600160,2022-03-15,12.8,12.38,13.08,12.36,12.94,296477.0,376615000.0,13.04,13.57,14.064999999999989,13.83,13.05,36.47,-0.11,0.16,-0.27,巨化股份,化学原料和化学制品制造业,主板,13.079999999999956,13.30749999999996,13.774999999999984,14.034375000000006,13.218510638297865
600160,2022-03-16,12.61,12.99,13.0,12.15,12.38,416675.0,525586000.0,13.06,13.39,14.03599999999999,13.82,13.05,44.1,-0.14,0.1,-0.24,巨化股份,化学原料和化学制品制造业,主板,12.947499999999955,13.14499999999996,13.639166666666652,13.915625000000006,13.22021276595744
600160,2022-03-17,13.18,13.34,13.64,13.09,12.99,396218.0,529671000.0,13.03,13.28,13.982499999999987,13.83,13.06,47.96,-0.14,0.05,-0.19,巨化股份,化学原料和化学制品制造业,主板,12.912499999999955,13.08999999999996,13.500833333333318,13.810625000000005,13.231489361702122
600160,2022-03-18,13.21,13.48,13.53,13.21,13.34,205903.0,276494000.0,13.03,13.2,13.94049999999999,13.85,13.07,49.46,-0.12,0.02,-0.14,巨化股份,化学原料和化学制品制造业,主板,13.047499999999957,13.123749999999962,13.396666666666652,13.723750000000004,13.249361702127656
600160,2022-03-21,13.46,13.64,13.7,13.2,13.48,277111.0,374244000.0,13.17,13.18,13.899999999999988,13.85,13.09,51.2,-0.09,0.0,-0.09,巨化股份,化学原料和化学制品制造业,主板,13.362499999999956,13.221249999999962,13.325833333333316,13.671875000000005,13.273404255319145
600160,2022-03-22,13.5,13.48,13.71,13.39,13.64,185831.0,251405000.0,13.39,13.21,13.82949999999999,13.84,13.11,49.37,-0.09,-0.02,-0.07,巨化股份,化学原料和化学制品制造业,主板,13.484999999999955,13.216249999999963,13.258333333333317,13.600625000000004,13.299574468085103
600160,2022-03-23,13.5,13.76,13.97,13.44,13.48,240668.0,331816000.0,13.54,13.3,13.76649999999999,13.85,13.14,52.56,-0.05,-0.03,-0.02,巨化股份,化学原料和化学制品制造业,主板,13.589999999999954,13.251249999999963,13.256666666666648,13.523125000000004,13.331276595744677
600160,2022-03-24,13.66,13.79,13.99,13.55,13.76,223552.0,307996000.0,13.63,13.33,13.712499999999991,13.87,13.16,52.9,-0.03,-0.03,0.0,巨化股份,化学原料和化学制品制造业,主板,13.66749999999995,13.357499999999963,13.30499999999998,13.464375000000004,13.365531914893614
600160,2022-03-25,13.71,13.5,13.84,13.5,13.79,175660.0,240076000.0,13.63,13.33,13.66399999999999,13.87,13.18,49.21,-0.02,-0.03,0.01,巨化股份,化学原料和化学制品制造业,主板,13.63249999999995,13.497499999999963,13.358333333333315,13.402500000000003,13.38851063829787
600160,2022-03-28,13.4,13.17,13.44,13.02,13.5,193568.0,255123000.0,13.54,13.35,13.591499999999991,13.87,13.19,45.33,-0.06,-0.03,-0.03,巨化股份,化学原料和化学制品制造业,主板,13.55499999999995,13.519999999999964,13.329166666666646,13.332500000000003,13.412127659574466
600160,2022-03-29,13.28,13.22,13.34,12.89,13.17,229418.0,301124000.0,13.49,13.44,13.502499999999992,13.86,13.22,46.02,-0.07,-0.04,-0.03,巨化股份,化学原料和化学制品制造业,主板,13.41999999999995,13.504999999999963,13.307499999999981,13.297500000000003,13.438936170212763
600160,2022-03-30,13.32,13.45,13.49,13.17,13.22,179257.0,239361000.0,13.43,13.48,13.43849999999999,13.85,13.24,49.22,-0.07,-0.05,-0.02,巨化股份,化学原料和化学制品制造业,主板,13.33499999999995,13.501249999999963,13.34999999999998,13.312500000000002,13.468936170212766
600160,2022-03-31,13.4,13.06,13.48,13.04,13.45,170188.0,224626000.0,13.28,13.46,13.36699999999999,13.81,13.25,44.42,-0.09,-0.06,-0.03,巨化股份,化学原料和化学制品制造业,主板,13.224999999999948,13.428749999999964,13.406666666666647,13.325000000000003,13.491914893617018
600160,2022-04-01,12.94,13.42,13.48,12.93,13.06,210097.0,279518000.0,13.26,13.45,13.32349999999999,13.78,13.26,49.33,-0.08,-0.06,-0.02,巨化股份,化学原料和化学制品制造业,主板,13.287499999999948,13.421249999999963,13.44249999999998,13.318750000000001,13.521914893617017
600160,2022-04-06,13.47,13.0,13.51,12.88,13.42,261259.0,341846000.0,13.23,13.38,13.28449999999999,13.73,13.26,44.4,-0.11,-0.07,-0.04,巨化股份,化学原料和化学制品制造业,主板,13.232499999999948,13.326249999999963,13.414166666666645,13.288750000000002,13.557234042553187
600160,2022-04-07,12.85,12.63,13.01,12.61,13.0,188204.0,239989000.0,13.11,13.3,13.255499999999993,13.65,13.26,40.55,-0.16,-0.09,-0.07,巨化股份,化学原料和化学制品制造业,主板,13.027499999999947,13.181249999999963,13.343333333333312,13.269375000000002,13.583617021276591
600160,2022-04-08,12.64,12.67,12.82,12.41,12.63,220758.0,279269000.0,12.96,13.19,13.245999999999992,13.57,13.26,41.15,-0.18,-0.11,-0.07,巨化股份,化学原料和化学制品制造业,主板,12.929999999999946,13.077499999999963,13.26249999999998,13.287500000000001,13.607446808510636
600160,2022-04-11,12.67,12.08,12.67,12.03,12.67,223983.0,273970000.0,12.76,13.02,13.173999999999992,13.48,13.25,35.51,-0.26,-0.14,-0.12,巨化股份,化学原料和化学制品制造业,主板,12.594999999999946,12.941249999999963,13.145833333333314,13.230625000000002,13.606595744680849
600160,2022-04-12,12.1,12.49,12.52,11.81,12.08,230920.0,281336000.0,12.57,12.92,13.124499999999992,13.42,13.26,41.51,-0.28,-0.17,-0.11,巨化股份,化学原料和化学制品制造业,主板,12.467499999999946,12.849999999999962,13.039999999999983,13.177500000000002,13.588723404255315
600160,2022-04-13,12.31,12.15,12.45,12.14,12.49,148749.0,182502000.0,12.4,12.82,13.08499999999999,13.33,13.25,38.33,-0.32,-0.2,-0.12,巨化股份,化学原料和化学制品制造业,主板,12.347499999999945,12.687499999999963,12.903333333333316,13.094375000000003,13.574042553191484
600160,2022-04-14,12.27,12.52,12.56,12.18,12.15,222091.0,275278000.0,12.38,12.75,13.09199999999999,13.25,13.26,43.41,-0.32,-0.22,-0.1,巨化股份,化学原料和化学制品制造业,主板,12.309999999999945,12.619999999999962,12.821666666666651,13.024375000000003,13.565957446808506
600160,2022-04-15,12.37,12.15,12.37,12.07,12.52,181783.0,221622000.0,12.28,12.62,13.049999999999988,13.16,13.25,39.87,-0.34,-0.25,-0.09,巨化股份,化学原料和化学制品制造业,主板,12.327499999999946,12.461249999999962,12.736666666666652,12.941250000000004,13.534680851063825
600160,2022-04-18,12.1,12.2,12.28,11.68,12.15,173451.0,208137000.0,12.3,12.53,12.99299999999999,13.09,13.26,40.57,-0.35,-0.27,-0.08,巨化股份,化学原料和化学制品制造业,主板,12.254999999999944,12.361249999999963,12.651666666666651,12.843750000000004,13.500212765957441
600160,2022-04-19,12.2,12.49,12.63,12.06,12.2,182048.0,226942000.0,12.3,12.44,12.94349999999999,13.03,13.27,44.63,-0.33,-0.28,-0.05,巨化股份,化学原料和化学制品制造业,主板,12.339999999999945,12.343749999999963,12.571666666666653,12.762500000000005,13.479361702127655
600160,2022-04-20,12.5,12.06,12.58,12.0,12.49,170454.0,208667000.0,12.28,12.34,12.864499999999989,12.97,13.27,40.24,-0.35,-0.29,-0.06,巨化股份,化学原料和化学制品制造业,主板,12.224999999999945,12.267499999999963,12.48833333333332,12.672500000000005,13.452765957446804
600160,2022-04-21,11.9,11.53,12.04,11.44,12.06,259874.0,303629000.0,12.09,12.23,12.766999999999989,12.92,13.26,35.6,-0.4,-0.31,-0.09,巨化股份,化学原料和化学制品制造业,主板,12.069999999999945,12.198749999999963,12.330833333333322,12.570000000000006,13.413404255319143
600160,2022-04-22,11.65,12.11,12.35,11.55,11.53,430806.0,518552000.0,12.08,12.18,12.68449999999999,12.89,13.26,43.31,-0.38,-0.33,-0.05,巨化股份,化学原料和化学制品制造业,主板,12.047499999999946,12.151249999999964,12.256666666666655,12.500625000000005,13.388085106382974
600160,2022-04-25,12.11,10.9,12.11,10.9,12.11,460212.0,518905000.0,11.82,12.06,12.539999999999988,12.8,13.25,34.13,-0.47,-0.36,-0.11,巨化股份,化学原料和化学制品制造业,主板,11.649999999999945,11.994999999999964,12.11249999999999,12.341250000000006,13.331489361702124
600160,2022-04-26,10.74,9.97,10.76,9.94,10.9,490926.0,505498000.0,11.31,11.81,12.363499999999988,12.69,13.23,29.04,-0.61,-0.41,-0.2,巨化股份,化学原料和化学制品制造业,主板,11.127499999999944,11.676249999999964,11.88749999999999,12.148125000000006,13.254893617021272
600160,2022-04-27,9.83,10.55,10.63,9.77,9.97,427368.0,434684000.0,11.01,11.65,12.23249999999999,12.61,13.21,35.5,-0.65,-0.46,-0.19,巨化股份,化学原料和化学制品制造业,主板,10.882499999999943,11.476249999999963,11.759999999999991,11.968750000000007,13.172765957446805
600160,2022-04-28,10.42,10.91,10.92,10.4,10.55,383571.0,411684000.0,10.89,11.49,12.116999999999988,12.56,13.19,39.2,-0.67,-0.5,-0.17,巨化股份,化学原料和化学制品制造业,主板,10.582499999999943,11.314999999999962,11.628333333333323,11.838125000000007,13.10021276595744
600160,2022-04-29,10.68,11.35,11.35,10.41,10.91,436836.0,470798000.0,10.74,11.41,12.01199999999999,12.5,13.16,43.47,-0.62,-0.52,-0.1,巨化股份,化学原料和化学制品制造业,主板,10.694999999999943,11.172499999999962,11.561666666666655,11.758125000000007,13.03425531914893
600160,2022-05-05,11.29,11.07,11.29,10.95,11.35,361530.0,401430000.0,10.77,11.29,11.912499999999989,12.43,13.13,41.48,-0.6,-0.54,-0.06,巨化股份,化学原料和化学制品制造业,主板,10.969999999999944,11.048749999999963,11.440833333333321,11.658125000000007,12.95297872340425
600160,2022-05-06,10.76,10.6,10.91,10.56,11.07,327849.0,351208000.0,10.9,11.1,11.771499999999989,12.33,13.09,38.3,-0.63,-0.56,-0.07,巨化股份,化学原料和化学制品制造业,主板,10.982499999999945,10.932499999999962,11.311666666666653,11.565625000000006,12.858936170212761
600160,2022-05-09,10.48,10.57,10.73,10.44,10.6,205961.0,217369000.0,10.9,10.96,11.649999999999988,12.23,13.04,38.1,-0.63,-0.57,-0.06,巨化股份,化学原料和化学制品制造业,主板,10.897499999999944,10.739999999999961,11.17583333333332,11.445625000000005,12.767446808510634
600160,2022-05-10,10.44,10.81,10.87,10.3,10.57,247995.0,264271000.0,10.88,10.88,11.558999999999989,12.14,12.99,40.77,-0.62,-0.58,-0.04,巨化股份,化学原料和化学制品制造业,主板,10.762499999999944,10.72874999999996,11.03583333333332,11.361875000000005,12.689574468085102
600160,2022-05-11,10.9,11.02,11.4,10.82,10.81,287359.0,320374000.0,10.81,10.78,11.47649999999999,12.05,12.95,43.09,-0.57,-0.58,0.01,巨化股份,化学原料和化学制品制造业,主板,10.749999999999945,10.85999999999996,10.949166666666654,11.268125000000005,12.612978723404249
600160,2022-05-12,11.03,11.0,11.17,10.85,11.02,211234.0,232034000.0,10.8,10.78,11.422499999999989,11.96,12.91,42.92,-0.54,-0.57,0.03,巨化股份,化学原料和化学制品制造业,主板,10.849999999999945,10.91624999999996,10.904999999999987,11.196250000000004,12.527872340425526
600160,2022-05-13,11.08,11.12,11.22,10.9,11.0,197389.0,218502000.0,10.9,10.9,11.353999999999989,11.88,12.87,44.35,-0.5,-0.56,0.06,巨化股份,化学原料和化学制品制造业,主板,10.987499999999944,10.942499999999962,10.822499999999986,11.128750000000005,12.451063829787227
600160,2022-05-16,11.24,11.15,11.32,11.03,11.12,196839.0,219699000.0,11.02,10.96,11.30399999999999,11.81,12.84,44.73,-0.46,-0.54,0.08,巨化股份,化学原料和化学制品制造业,主板,11.072499999999943,10.917499999999963,10.84333333333332,11.045000000000005,12.379999999999994
600160,2022-05-17,11.13,11.33,11.34,11.03,11.15,174206.0,195464000.0,11.12,11.0,11.24449999999999,11.75,12.8,47.03,-0.41,-0.51,0.1,巨化股份,化学原料和化学制品制造业,主板,11.149999999999942,10.949999999999964,10.956666666666655,10.999375000000006,12.317021276595739
600160,2022-05-18,11.34,11.4,11.59,11.28,11.33,197175.0,225898000.0,11.2,11.01,11.20699999999999,11.68,12.76,47.94,-0.36,-0.48,0.12,巨化股份,化学原料和化学制品制造业,主板,11.249999999999941,11.049999999999965,11.027499999999987,10.991250000000006,12.2663829787234
600160,2022-05-19,11.18,11.76,11.81,11.1,11.4,294637.0,341187000.0,11.35,11.08,11.18499999999999,11.63,12.72,52.46,-0.29,-0.44,0.15,巨化股份,化学原料和化学制品制造业,主板,11.409999999999942,11.198749999999965,11.09833333333332,10.969375000000007,12.235531914893611
600160,2022-05-20,11.75,11.92,12.04,11.67,11.76,202936.0,241090000.0,11.51,11.21,11.156499999999989,11.58,12.68,54.36,-0.2,-0.39,0.19,巨化股份,化学原料和化学制品制造业,主板,11.602499999999942,11.337499999999965,11.14583333333332,11.033125000000005,12.21553191489361
600160,2022-05-23,11.88,11.94,12.03,11.77,11.92,166866.0,198880000.0,11.67,11.34,11.150499999999989,11.55,12.64,54.6,-0.15,-0.35,0.2,巨化股份,化学原料和化学制品制造业,主板,11.754999999999942,11.452499999999965,11.21833333333332,11.156250000000005,12.181914893617016
600160,2022-05-24,11.93,11.4,11.94,11.4,11.94,234846.0,274172000.0,11.68,11.4,11.143999999999988,11.51,12.58,47.26,-0.14,-0.3,0.16,巨化股份,化学原料和化学制品制造业,主板,11.754999999999942,11.502499999999966,11.284999999999988,11.209375000000005,12.137659574468078
600160,2022-05-25,11.41,11.5,11.62,11.28,11.4,190522.0,217732000.0,11.7,11.45,11.113499999999988,11.47,12.52,48.64,-0.13,-0.27,0.14,巨化股份,化学原料和化学制品制造业,主板,11.689999999999943,11.549999999999965,11.362499999999988,11.246250000000005,12.107021276595736
600160,2022-05-26,11.48,11.6,11.66,11.26,11.5,182539.0,209850000.0,11.67,11.51,11.148499999999988,11.45,12.47,50.04,-0.1,-0.24,0.14,巨化股份,化学原料和化学制品制造业,主板,11.609999999999943,11.606249999999964,11.42833333333332,11.261875000000005,12.090425531914887
600160,2022-05-27,11.64,11.48,11.83,11.4,11.6,159397.0,184719000.0,11.58,11.55,11.223999999999986,11.42,12.42,48.33,-0.09,-0.21,0.12,巨化股份,化学原料和化学制品制造业,主板,11.494999999999944,11.624999999999964,11.466666666666653,11.287500000000005,12.058297872340418
600160,2022-05-30,11.54,11.56,11.73,11.33,11.48,175734.0,201906000.0,11.51,11.59,11.274499999999986,11.4,12.37,49.57,-0.08,-0.18,0.1,巨化股份,化学原料和化学制品制造业,主板,11.534999999999945,11.644999999999964,11.51333333333332,11.347500000000005,12.020425531914885
600160,2022-05-31,11.56,11.68,11.76,11.43,11.56,228589.0,265576000.0,11.56,11.62,11.312999999999986,11.37,12.31,51.45,-0.06,-0.16,0.1,巨化股份,化学原料和化学制品制造业,主板,11.579999999999945,11.634999999999964,11.559999999999986,11.416875000000006,11.982127659574457
600160,2022-06-01,11.68,11.75,11.97,11.63,11.68,234592.0,276618000.0,11.61,11.66,11.332999999999988,11.36,12.26,52.55,-0.04,-0.13,0.09,巨化股份,化学原料和化学制品制造业,主板,11.617499999999945,11.613749999999964,11.609999999999985,11.475625000000006,11.941914893617012
600160,2022-06-02,11.79,11.94,12.0,11.58,11.75,231899.0,274122000.0,11.68,11.68,11.376499999999988,11.35,12.22,55.52,-0.01,-0.11,0.1,巨化股份,化学原料和化学制品制造业,主板,11.732499999999945,11.613749999999964,11.660833333333317,11.533125000000005,11.909148936170203
600160,2022-06-06,11.92,12.37,12.47,11.9,11.94,339172.0,415648000.0,11.86,11.72,11.464999999999987,11.34,12.19,61.41,0.06,-0.08,0.14,巨化股份,化学原料和化学制品制造业,主板,11.934999999999944,11.734999999999964,11.741666666666651,11.618750000000006,11.879574468085098
600160,2022-06-07,12.43,12.26,12.43,12.12,12.37,207944.0,254737000.0,12.0,11.75,11.549499999999988,11.35,12.16,59.25,0.09,-0.04,0.13,巨化股份,化学原料和化学制品制造业,主板,12.079999999999943,11.829999999999965,11.783333333333317,11.690000000000005,11.847021276595736
600160,2022-06-08,12.26,12.17,12.34,11.85,12.26,290996.0,351280000.0,12.1,11.83,11.617499999999987,11.37,12.14,57.47,0.12,-0.01,0.13,巨化股份,化学原料和化学制品制造业,主板,12.184999999999944,11.901249999999965,11.804166666666651,11.753750000000004,11.81872340425531
600160,2022-06-09,12.01,11.92,12.17,11.76,12.17,202445.0,241534000.0,12.13,11.87,11.662499999999985,11.37,12.13,52.73,0.11,0.01,0.1,巨化股份,化学原料和化学制品制造业,主板,12.179999999999945,11.956249999999965,11.802499999999982,11.790625000000002,11.792127659574458
600160,2022-06-10,11.78,12.27,12.28,11.74,11.92,285989.0,347280000.0,12.2,11.94,11.725999999999987,11.41,12.11,57.96,0.14,0.04,0.1,巨化股份,化学原料和化学制品制造业,主板,12.154999999999946,12.044999999999964,11.874999999999984,11.845000000000002,11.77191489361701
600160,2022-06-13,12.12,12.48,12.64,12.05,12.27,338079.0,419243000.0,12.22,12.04,11.793999999999986,11.5,12.09,60.76,0.17,0.07,0.1,巨化股份,化学原料和化学制品制造业,主板,12.209999999999946,12.144999999999964,11.95666666666665,11.890000000000002,11.75127659574467
600160,2022-06-14,12.25,13.0,13.13,12.25,12.48,466002.0,597007000.0,12.37,12.18,11.886499999999986,11.58,12.09,66.69,0.23,0.1,0.13,巨化股份,化学原料和化学制品制造业,主板,12.417499999999945,12.301249999999964,12.073333333333316,11.957500000000003,11.749999999999991
600160,2022-06-15,13.24,12.75,13.4,12.74,13.0,424104.0,552523000.0,12.48,12.29,11.957499999999985,11.64,12.1,61.85,0.26,0.13,0.13,巨化股份,化学原料和化学制品制造业,主板,12.624999999999945,12.402499999999964,12.179166666666651,12.008125000000003,11.735744680851054
600160,2022-06-16,12.71,12.78,13.15,12.65,12.75,287936.0,370875000.0,12.66,12.39,12.026499999999984,11.69,12.09,62.21,0.29,0.16,0.13,巨化股份,化学原料和化学制品制造业,主板,12.752499999999944,12.453749999999964,12.280833333333318,12.094375000000003,11.731063829787225
600160,2022-06-17,12.65,12.78,12.89,12.52,12.78,270742.0,345412000.0,12.76,12.48,12.077499999999985,11.74,12.09,62.21,0.3,0.19,0.11,巨化股份,化学原料和化学制品制造业,主板,12.827499999999944,12.518749999999963,12.372499999999983,12.174375000000003,11.734255319148927
600160,2022-06-20,12.82,12.85,13.04,12.63,12.78,269761.0,347525000.0,12.83,12.53,12.123999999999985,11.82,12.07,63.13,0.32,0.22,0.1,巨化股份,化学原料和化学制品制造业,主板,12.789999999999942,12.603749999999962,12.46416666666665,12.252500000000003,11.73808510638297
600160,2022-06-21,13.1,12.56,13.1,12.4,12.85,265342.0,335272000.0,12.74,12.56,12.154999999999985,11.88,12.06,56.91,0.3,0.23,0.07,巨化股份,化学原料和化学制品制造业,主板,12.742499999999943,12.683749999999963,12.515833333333317,12.320000000000004,11.748297872340414
600160,2022-06-22,12.53,12.22,12.67,12.17,12.56,236380.0,293259000.0,12.64,12.56,12.195999999999986,11.93,12.04,50.61,0.26,0.24,0.02,巨化股份,化学原料和化学制品制造业,主板,12.602499999999942,12.677499999999963,12.503333333333316,12.361250000000004,11.742553191489352
600160,2022-06-23,12.17,12.47,12.49,12.04,12.22,240914.0,296143000.0,12.58,12.62,12.244499999999984,11.98,12.01,54.59,0.23,0.24,-0.01,巨化股份,化学原料和化学制品制造业,主板,12.524999999999942,12.676249999999962,12.520833333333316,12.410625000000003,11.74936170212765
600160,2022-06-24,12.45,12.89,12.99,12.38,12.47,262063.0,334054000.0,12.6,12.68,12.308999999999985,12.04,12.0,60.37,0.25,0.24,0.01,巨化股份,化学原料和化学制品制造业,主板,12.534999999999942,12.662499999999962,12.580833333333318,12.481875000000002,11.757234042553183
600160,2022-06-27,12.92,13.0,13.14,12.83,12.89,229905.0,299052000.0,12.63,12.73,12.384999999999987,12.11,11.99,61.74,0.27,0.25,0.02,巨化股份,化学原料和化学制品制造业,主板,12.644999999999941,12.693749999999962,12.67083333333332,12.548125000000002,11.77531914893616
600160,2022-06-28,13.0,13.36,13.48,12.8,13.0,321272.0,421346000.0,12.79,12.77,12.474999999999985,12.18,11.99,65.9,0.31,0.26,0.05,巨化股份,化学原料和化学制品制造业,主板,12.929999999999941,12.766249999999962,12.761666666666654,12.610000000000003,11.79999999999999
600160,2022-06-29,13.36,12.85,13.36,12.7,13.36,273803.0,355925000.0,12.91,12.78,12.533499999999986,12.23,11.99,56.52,0.3,0.27,0.03,巨化股份,化学原料和化学制品制造业,主板,13.024999999999942,12.774999999999961,12.792499999999988,12.646875000000003,11.807659574468076
600160,2022-06-30,12.99,13.15,13.42,12.88,12.85,299579.0,395303000.0,13.05,12.81,12.603499999999986,12.29,11.98,60.12,0.32,0.28,0.04,巨化股份,化学原料和化学制品制造业,主板,13.089999999999943,12.812499999999963,12.804999999999987,12.708125000000004,11.83085106382978
600160,2022-07-01,13.16,13.29,13.48,13.06,13.15,273409.0,364609000.0,13.13,12.86,12.670999999999987,12.34,11.99,61.71,0.33,0.29,0.04,巨化股份,化学原料和化学制品制造业,主板,13.162499999999945,12.903749999999963,12.849999999999987,12.793750000000005,11.868297872340417
600160,2022-07-04,13.35,14.12,14.14,13.23,13.29,530846.0,736603000.0,13.35,12.99,12.758499999999987,12.41,12.0,69.49,0.4,0.31,0.09,巨化股份,化学原料和化学制品制造业,主板,13.352499999999946,13.141249999999964,12.961666666666654,12.909375000000004,11.911063829787226
600160,2022-07-05,14.0,14.1,14.18,13.79,14.12,385806.0,539879000.0,13.5,13.14,12.850499999999988,12.49,12.02,69.12,0.45,0.34,0.11,巨化股份,化学原料和化学制品制造业,主板,13.664999999999944,13.344999999999963,13.071666666666653,13.010625000000005,11.979148936170205
600160,2022-07-06,14.05,13.81,14.08,13.67,14.1,283755.0,391842000.0,13.69,13.3,12.932499999999987,12.57,12.04,63.89,0.47,0.36,0.11,巨化股份,化学原料和化学制品制造业,主板,13.829999999999943,13.459999999999964,13.151666666666655,13.061250000000005,12.060851063829778
600160,2022-07-07,13.68,13.81,13.92,13.5,13.81,236427.0,325535000.0,13.83,13.44,13.026999999999987,12.64,12.06,63.89,0.47,0.39,0.08,巨化股份,化学原料和化学制品制造业,主板,13.959999999999942,13.561249999999964,13.255833333333321,13.127500000000005,12.130212765957436
600160,2022-07-08,13.89,13.65,13.97,13.34,13.81,320098.0,435753000.0,13.9,13.51,13.095999999999986,12.71,12.08,60.94,0.46,0.4,0.06,巨化股份,化学原料和化学制品制造业,主板,13.842499999999943,13.597499999999965,13.374999999999988,13.181875000000005,12.188510638297863
600160,2022-07-11,13.57,13.23,13.58,13.0,13.65,301102.0,397898000.0,13.72,13.54,13.133499999999987,12.77,12.09,53.9,0.41,0.4,0.01,巨化股份,化学原料和化学制品制造业,主板,13.624999999999941,13.644999999999966,13.43833333333332,13.210000000000004,12.228510638297863
600160,2022-07-12,13.22,12.9,13.29,12.88,13.23,213475.0,278388000.0,13.48,13.49,13.128499999999985,12.81,12.11,49.1,0.34,0.39,-0.05,巨化股份,化学原料和化学制品制造业,主板,13.39749999999994,13.613749999999966,13.439166666666656,13.213125000000005,12.267446808510627
600160,2022-07-13,12.91,13.44,13.49,12.67,12.9,283636.0,373259000.0,13.41,13.55,13.162999999999986,12.87,12.12,56.01,0.32,0.38,-0.06,巨化股份,化学原料和化学制品制造业,主板,13.30499999999994,13.632499999999965,13.475833333333322,13.268125000000005,12.327872340425522
600160,2022-07-14,13.41,14.12,14.12,13.3,13.44,415722.0,579591000.0,13.47,13.65,13.229999999999986,12.95,12.15,62.84,0.36,0.37,-0.01,巨化股份,化学原料和化学制品制造业,主板,13.42249999999994,13.632499999999965,13.539166666666654,13.386875000000005,12.403404255319138
600160,2022-07-15,14.7,14.6,15.5,14.45,14.12,906182.0,1362180000.0,13.66,13.78,13.320999999999989,13.04,12.19,66.76,0.43,0.38,0.05,巨化股份,化学原料和化学制品制造业,主板,13.76499999999994,13.694999999999965,13.684999999999988,13.520000000000005,12.484042553191479
600160,2022-07-18,14.88,16.06,16.06,14.48,14.6,957316.0,1476750000.0,14.22,13.97,13.481499999999988,13.16,12.25,75.31,0.59,0.43,0.16,巨化股份,化学原料和化学制品制造业,主板,14.554999999999941,13.976249999999965,13.927499999999988,13.718125000000004,12.59127659574467
600160,2022-07-19,16.06,16.68,17.18,15.8,16.06,900414.0,1482940000.0,14.98,14.23,13.68749999999999,13.31,12.33,77.9,0.76,0.49,0.27,巨化股份,化学原料和化学制品制造业,主板,15.364999999999942,14.334999999999965,14.209999999999988,13.948125000000005,12.712127659574456
600160,2022-07-20,16.52,16.78,17.1,16.52,16.68,494039.0,828254000.0,15.65,14.53,13.915499999999986,13.46,12.42,78.3,0.89,0.57,0.32,巨化股份,化学原料和化学制品制造业,主板,16.02999999999994,14.726249999999965,14.431666666666656,14.161875000000006,12.83255319148935
600160,2022-07-21,16.79,16.52,16.83,16.28,16.78,348727.0,578299000.0,16.13,14.8,14.117999999999984,13.62,12.49,74.55,0.96,0.65,0.31,巨化股份,化学原料和化学制品制造业,主板,16.50999999999994,15.137499999999966,14.633333333333324,14.391250000000007,12.946808510638286
600160,2022-07-22,16.46,15.76,16.63,15.48,16.52,562436.0,893284000.0,16.36,15.01,14.261499999999984,13.73,12.57,64.8,0.95,0.71,0.24,巨化股份,化学原料和化学制品制造业,主板,16.434999999999942,15.494999999999965,14.795833333333322,14.554375000000006,13.041063829787221
600160,2022-07-25,15.77,16.07,16.56,15.7,15.76,380460.0,615483000.0,16.36,15.29,14.414999999999983,13.85,12.67,66.71,0.95,0.76,0.19,巨化股份,化学原料和化学制品制造业,主板,16.282499999999942,15.823749999999965,14.984166666666654,14.728125000000006,13.140425531914882
600160,2022-07-26,16.26,16.02,16.4,15.69,16.07,251041.0,401521000.0,16.23,15.6,14.547999999999982,13.95,12.77,66.09,0.94,0.79,0.15,巨化股份,化学原料和化学制品制造业,主板,16.09249999999994,16.061249999999966,15.181666666666656,14.846875000000006,13.231063829787223
600160,2022-07-27,16.0,16.15,16.35,15.85,16.02,251620.0,406576000.0,16.1,15.88,14.71299999999998,14.07,12.85,66.95,0.92,0.82,0.1,巨化股份,化学原料和化学制品制造业,主板,15.99999999999994,16.254999999999967,15.42499999999999,14.975000000000007,13.321063829787223
600160,2022-07-28,16.2,16.76,17.06,16.09,16.15,446718.0,743766000.0,16.15,16.14,14.89349999999998,14.2,12.94,70.73,0.95,0.85,0.1,巨化股份,化学原料和化学制品制造业,主板,16.24999999999994,16.342499999999966,15.746666666666655,15.159375000000008,13.423617021276582
600160,2022-07-29,16.85,17.29,17.6,16.71,16.76,529738.0,907319000.0,16.46,16.41,15.093499999999981,14.35,13.05,73.56,1.02,0.88,0.14,巨化股份,化学原料和化学制品制造业,主板,16.554999999999943,16.418749999999964,16.06749999999999,15.376875000000009,13.548936170212754
600160,2022-08-01,17.56,17.43,17.69,17.09,17.29,367223.0,637354000.0,16.73,16.55,15.25899999999998,14.5,13.16,74.26,1.05,0.91,0.14,巨化股份,化学原料和化学制品制造业,主板,16.907499999999946,16.499999999999964,16.343333333333323,15.613125000000009,13.67510638297871
600160,2022-08-02,17.01,16.76,17.15,16.47,17.43,480451.0,808985000.0,16.88,16.55,15.391999999999978,14.64,13.26,65.27,1.02,0.94,0.08,巨化股份,化学原料和化学制品制造业,主板,17.059999999999945,16.529999999999962,16.523333333333323,15.83375000000001,13.784893617021261
600160,2022-08-03,16.85,16.42,17.21,16.3,16.76,350422.0,588575000.0,16.93,16.52,15.52249999999998,14.78,13.36,61.22,0.95,0.94,0.01,巨化股份,化学原料和化学制品制造业,主板,16.974999999999945,16.61249999999996,16.553333333333324,16.05375000000001,13.889999999999985
600160,2022-08-04,16.5,16.2,16.68,15.99,16.42,346535.0,563853000.0,16.82,16.49,15.641999999999978,14.91,13.44,58.68,0.88,0.93,-0.05,巨化股份,化学原料和化学制品制造业,主板,16.702499999999944,16.62874999999996,16.51333333333332,16.22625000000001,13.988723404255305
600160,2022-08-05,16.31,16.87,16.95,16.06,16.2,304520.0,503474000.0,16.74,16.6,15.80299999999998,15.04,13.54,63.62,0.86,0.91,-0.05,巨化股份,化学原料和化学制品制造业,主板,16.562499999999943,16.73499999999996,16.52083333333332,16.39812500000001,14.0991489361702
600160,2022-08-08,16.77,16.63,16.86,16.28,16.87,299005.0,495717000.0,16.58,16.65,15.97299999999998,15.16,13.63,60.82,0.82,0.89,-0.07,巨化股份,化学原料和化学制品制造业,主板,16.52999999999994,16.79499999999996,16.529999999999987,16.52500000000001,14.202978723404243
600160,2022-08-09,16.49,16.64,16.79,16.37,16.63,315130.0,521592000.0,16.55,16.71,16.15999999999998,15.27,13.72,60.89,0.78,0.87,-0.09,巨化股份,化学原料和化学制品制造业,主板,16.58499999999994,16.77999999999996,16.60333333333332,16.56125000000001,14.302978723404241
600160,2022-08-10,16.64,16.91,17.1,16.51,16.64,368149.0,620404000.0,16.65,16.79,16.33349999999998,15.41,13.82,63.02,0.76,0.85,-0.09,巨化股份,化学原料和化学制品制造业,主板,16.76249999999994,16.73249999999996,16.67333333333332,16.57562500000001,14.399574468085092
600160,2022-08-11,17.16,18.09,18.17,16.75,16.91,637230.0,1123350000.0,17.03,16.92,16.53199999999998,15.57,13.93,70.55,0.83,0.85,-0.02,巨化股份,化学原料和化学制品制造业,主板,17.06749999999994,16.81499999999996,16.84583333333332,16.657500000000006,14.523617021276582
600160,2022-08-12,18.02,16.93,18.35,16.62,18.09,600092.0,1050170000.0,17.04,16.89,16.648499999999977,15.69,14.02,58.04,0.78,0.83,-0.05,巨化股份,化学原料和化学制品制造业,主板,17.14249999999994,16.83624999999996,16.91083333333332,16.683125000000008,14.624893617021263
600160,2022-08-15,16.94,17.2,17.58,16.8,16.93,378874.0,655426000.0,17.15,16.87,16.70549999999998,15.79,14.1,59.82,0.75,0.82,-0.07,巨化股份,化学原料和化学制品制造业,主板,17.282499999999942,16.93374999999996,16.947499999999987,16.773125000000007,14.73723404255318
600160,2022-08-16,17.31,17.12,17.38,16.96,17.2,256882.0,440495000.0,17.25,16.9,16.727499999999978,15.9,14.19,59.02,0.72,0.8,-0.08,巨化股份,化学原料和化学制品制造业,主板,17.334999999999944,17.048749999999963,16.93333333333332,16.838750000000008,14.840425531914882
600160,2022-08-17,17.12,16.87,17.22,16.4,17.12,289009.0,483853000.0,17.24,16.95,16.731999999999978,16.0,14.28,56.47,0.67,0.77,-0.1,巨化股份,化学原料和化学制品制造业,主板,17.029999999999944,17.048749999999963,16.886666666666653,16.89187500000001,14.93382978723403
600160,2022-08-18,16.87,16.97,17.26,16.77,16.87,241231.0,409574000.0,17.02,17.02,16.75449999999998,16.1,14.37,57.27,0.62,0.74,-0.12,巨化股份,化学原料和化学制品制造业,主板,17.039999999999942,17.091249999999963,16.904166666666654,16.94312500000001,15.018297872340414
600160,2022-08-19,16.96,16.49,17.01,16.31,16.97,237257.0,394164000.0,16.93,16.98,16.79099999999998,16.2,14.45,52.33,0.55,0.7,-0.15,巨化股份,化学原料和化学制品制造业,主板,16.86249999999994,17.072499999999962,16.909999999999986,16.92625000000001,15.09787234042552
600160,2022-08-22,16.55,17.4,17.47,16.35,16.49,302717.0,514188000.0,16.97,17.06,16.85749999999998,16.34,14.55,59.47,0.54,0.67,-0.13,巨化股份,化学原料和化学制品制造业,主板,16.93249999999994,17.133749999999964,17.009999999999987,16.933125000000008,15.196170212765946
600160,2022-08-23,17.35,17.45,17.58,17.08,17.4,231995.0,402218000.0,17.04,17.14,16.92899999999998,16.49,14.65,59.82,0.54,0.64,-0.1,巨化股份,化学原料和化学制品制造业,主板,17.07749999999994,17.05374999999996,17.05833333333332,16.934375000000006,15.295531914893607
600160,2022-08-24,17.66,16.22,17.67,16.15,17.45,377629.0,629789000.0,16.91,17.07,16.932499999999983,16.58,14.73,48.53,0.44,0.6,-0.16,巨化股份,化学原料和化学制品制造业,主板,16.88999999999994,16.96499999999996,17.024166666666655,16.900625000000005,15.367234042553182
600160,2022-08-25,16.34,16.51,16.56,15.6,16.22,371698.0,599072000.0,16.81,16.92,16.91999999999998,16.66,14.81,50.89,0.39,0.56,-0.17,巨化股份,化学原料和化学制品制造业,主板,16.894999999999943,16.87874999999996,17.01333333333332,16.906250000000004,15.451276595744671
600160,2022-08-26,16.91,16.18,17.17,16.0,16.51,398632.0,663517000.0,16.75,16.84,16.864499999999982,16.71,14.88,48.19,0.31,0.51,-0.2,巨化股份,化学原料和化学制品制造业,主板,16.58999999999994,16.76124999999996,16.95249999999999,16.905000000000005,15.535531914893607
600160,2022-08-29,16.06,16.3,16.5,15.86,16.18,253295.0,411274000.0,16.53,16.75,16.807999999999982,16.72,14.94,49.24,0.24,0.46,-0.22,巨化股份,化学原料和化学制品制造业,主板,16.302499999999938,16.689999999999962,16.803333333333324,16.869375000000005,15.617021276595732
600160,2022-08-30,16.18,15.74,16.31,15.58,16.3,289723.0,458185000.0,16.19,16.61,16.756999999999984,16.69,15.0,44.67,0.15,0.4,-0.25,巨化股份,化学原料和化学制品制造业,主板,16.182499999999937,16.536249999999963,16.704166666666655,16.813750000000006,15.677659574468073
600160,2022-08-31,15.87,15.7,16.05,15.4,15.74,308828.0,485618000.0,16.09,16.5,16.720999999999982,16.65,15.06,44.36,0.07,0.33,-0.26,巨化股份,化学原料和化学制品制造业,主板,15.979999999999936,16.43749999999996,16.579166666666655,16.755000000000006,15.735106382978712
600160,2022-09-01,15.7,15.42,15.8,15.25,15.7,202916.0,315574000.0,15.87,16.34,16.68199999999998,16.62,15.12,42.11,-0.01,0.26,-0.27,巨化股份,化学原料和化学制品制造业,主板,15.789999999999937,16.18999999999996,16.43749999999999,16.661875000000006,15.778936170212754
600160,2022-09-02,15.44,15.64,15.95,15.28,15.42,232863.0,364100000.0,15.76,16.26,16.620499999999982,16.61,15.17,44.49,-0.05,0.2,-0.25,巨化股份,化学原料和化学制品制造业,主板,15.62499999999994,15.96374999999996,16.33499999999999,16.508750000000006,15.838297872340412
600160,2022-09-05,15.66,16.18,16.4,15.58,15.64,284324.0,459110000.0,15.74,16.13,16.59799999999998,16.62,15.23,49.93,-0.04,0.15,-0.19,巨化股份,化学原料和化学制品制造业,主板,15.734999999999937,15.95874999999996,16.269166666666656,16.461875000000006,15.902765957446796
600160,2022-09-06,16.26,16.6,16.72,16.11,16.18,234736.0,388703000.0,15.91,16.05,16.595999999999982,16.64,15.29,53.74,-0.01,0.12,-0.13,巨化股份,化学原料和化学制品制造业,主板,15.959999999999937,15.969999999999958,16.27833333333332,16.42437500000001,15.97319148936169
600160,2022-09-07,16.4,16.54,16.72,16.4,16.6,148507.0,245803000.0,16.08,16.08,16.577499999999983,16.65,15.36,53.12,0.02,0.1,-0.08,巨化股份,化学原料和化学制品制造业,主板,16.239999999999934,16.014999999999958,16.206666666666653,16.38812500000001,16.024680851063817
600160,2022-09-08,16.45,16.48,16.73,16.4,16.54,161516.0,267174000.0,16.29,16.08,16.496999999999986,16.64,15.42,52.46,0.03,0.09,-0.06,巨化股份,化学原料和化学制品制造业,主板,16.449999999999935,16.037499999999955,16.125833333333322,16.36375000000001,16.075319148936156
600160,2022-09-09,16.53,16.48,16.82,16.34,16.48,154868.0,256083000.0,16.46,16.11,16.474499999999985,16.61,15.48,52.46,0.04,0.08,-0.04,巨化股份,化学原料和化学制品制造业,主板,16.524999999999935,16.129999999999953,16.147499999999987,16.33312500000001,16.132127659574458
600160,2022-09-13,16.57,16.15,16.81,16.07,16.48,318278.0,520274000.0,16.45,16.09,16.421999999999986,16.57,15.54,48.65,0.02,0.07,-0.05,巨化股份,化学原料和化学制品制造业,主板,16.412499999999937,16.186249999999955,16.11749999999999,16.311875000000008,16.181914893617012
600160,2022-09-14,15.85,15.65,16.11,15.55,16.15,254393.0,400922000.0,16.26,16.08,16.348499999999984,16.53,15.59,43.49,-0.03,0.05,-0.08,巨化股份,化学原料和化学制品制造业,主板,16.18999999999994,16.214999999999957,16.07333333333332,16.202500000000008,16.224468085106373
600160,2022-09-15,15.72,14.83,15.76,14.56,15.65,322845.0,484695000.0,15.92,16.0,16.246499999999983,16.48,15.63,36.64,-0.14,0.01,-0.15,巨化股份,化学原料和化学制品制造业,主板,15.77749999999994,16.11374999999996,15.950833333333321,16.038750000000007,16.258510638297864
600160,2022-09-16,14.85,14.47,14.98,14.35,14.83,313908.0,457507000.0,15.52,15.9,16.121499999999987,16.42,15.66,34.09,-0.24,-0.04,-0.2,巨化股份,化学原料和化学制品制造业,主板,15.274999999999938,15.89999999999996,15.844999999999986,15.92937500000001,16.29191489361701
600160,2022-09-19,14.42,14.56,14.95,14.38,14.47,197188.0,289064000.0,15.13,15.79,16.024999999999984,16.35,15.69,35.3,-0.33,-0.1,-0.23,巨化股份,化学原料和化学制品制造业,主板,14.877499999999939,15.64499999999996,15.749999999999988,15.807500000000008,16.31574468085105
600160,2022-09-20,14.66,14.69,15.0,14.62,14.56,170478.0,252344000.0,14.84,15.64,15.889499999999988,16.28,15.72,37.1,-0.37,-0.15,-0.22,巨化股份,化学原料和化学制品制造业,主板,14.63749999999994,15.413749999999961,15.689166666666656,15.714375000000008,16.32787234042552
600160,2022-09-21,14.69,14.48,14.75,14.36,14.69,156001.0,226422000.0,14.61,15.43,15.740999999999989,16.21,15.74,35.39,-0.42,-0.21,-0.21,巨化股份,化学原料和化学制品制造业,主板,14.54999999999994,15.16374999999996,15.592499999999987,15.600625000000008,16.32531914893616
600160,2022-09-22,14.37,14.7,14.86,14.33,14.48,175446.0,257324000.0,14.58,15.25,15.664999999999987,16.13,15.77,38.58,-0.43,-0.25,-0.18,巨化股份,化学原料和化学制品制造业,主板,14.607499999999941,14.94124999999996,15.469166666666652,15.535625000000007,16.296382978723397
600160,2022-09-23,14.57,14.3,14.74,14.16,14.7,190527.0,274038000.0,14.55,15.03,15.554499999999987,16.01,15.79,35.18,-0.48,-0.3,-0.18,巨化股份,化学原料和化学制品制造业,主板,14.54249999999994,14.709999999999958,15.277499999999987,15.448125000000008,16.245744680851054
600160,2022-09-26,14.15,14.33,14.69,14.07,14.3,217838.0,315164000.0,14.5,14.82,15.461999999999986,15.92,15.81,35.64,-0.5,-0.34,-0.16,巨化股份,化学原料和化学制品制造业,主板,14.45249999999994,14.544999999999959,15.093333333333321,15.380000000000008,16.193617021276587
600160,2022-09-27,14.3,14.39,14.52,14.17,14.33,165647.0,237084000.0,14.44,14.64,15.366499999999984,15.83,15.81,36.6,-0.51,-0.37,-0.14,巨化股份,化学原料和化学制品制造业,主板,14.42999999999994,14.489999999999958,14.919166666666657,15.30187500000001,16.148297872340418
600160,2022-09-28,14.48,13.89,14.49,13.89,14.39,212924.0,299943000.0,14.32,14.46,15.273999999999983,15.72,15.81,32.26,-0.55,-0.41,-0.14,巨化股份,化学原料和化学制品制造业,主板,14.227499999999939,14.417499999999958,14.703333333333326,15.158750000000008,16.108510638297865
600160,2022-09-29,13.98,14.06,14.3,13.98,13.89,161866.0,228474000.0,14.19,14.39,15.191999999999984,15.63,15.81,35.08,-0.56,-0.44,-0.12,巨化股份,化学原料和化学制品制造业,主板,14.16749999999994,14.354999999999958,14.52916666666666,15.000000000000009,16.065744680851054
600160,2022-09-30,14.14,13.89,14.25,13.83,14.06,146187.0,204457000.0,14.11,14.33,15.115499999999983,15.52,15.81,33.58,-0.57,-0.46,-0.11,巨化股份,化学原料和化学制品制造业,主板,14.05749999999994,14.25499999999996,14.382499999999991,14.83437500000001,16.020425531914885
600160,2022-10-10,13.88,13.79,14.18,13.67,13.89,208124.0,291051000.0,14.0,14.25,15.022999999999985,15.43,15.82,32.69,-0.59,-0.49,-0.1,巨化股份,化学原料和化学制品制造业,主板,13.907499999999938,14.168749999999958,14.295833333333322,14.66625000000001,15.970212765957438
600160,2022-10-11,13.9,14.15,14.27,13.81,13.79,249936.0,352030000.0,13.96,14.2,14.921499999999984,15.33,15.83,38.95,-0.57,-0.51,-0.06,巨化股份,化学原料和化学制品制造业,主板,13.97249999999994,14.099999999999959,14.269166666666656,14.520625000000011,15.914680851063821
600160,2022-10-12,14.11,14.36,14.4,13.65,14.15,314726.0,442466000.0,14.05,14.19,14.809499999999982,15.22,15.86,42.32,-0.52,-0.51,-0.01,巨化股份,化学原料和化学制品制造业,主板,14.047499999999939,14.107499999999959,14.252499999999989,14.40875000000001,15.852340425531906
600160,2022-10-13,14.3,14.22,14.45,14.16,14.36,175736.0,251101000.0,14.08,14.14,14.693499999999982,15.16,15.87,40.71,-0.5,-0.51,0.01,巨化股份,化学原料和化学制品制造业,主板,14.129999999999939,14.09374999999996,14.213333333333322,14.31937500000001,15.784042553191483
600160,2022-10-14,14.35,14.56,14.7,14.08,14.22,253263.0,365789000.0,14.22,14.16,14.597499999999982,15.09,15.88,46.08,-0.44,-0.49,0.05,巨化股份,化学原料和化学制品制造业,主板,14.32249999999994,14.11499999999996,14.21999999999999,14.302500000000009,15.737234042553183
600160,2022-10-17,14.5,14.46,14.66,14.26,14.56,179396.0,258870000.0,14.35,14.18,14.49649999999998,15.03,15.87,44.8,-0.4,-0.47,0.07,巨化股份,化学原料和化学制品制造业,主板,14.39999999999994,14.18624999999996,14.19999999999999,14.30187500000001,15.69553191489361
600160,2022-10-18,14.6,15.09,15.32,14.49,14.46,322203.0,480915000.0,14.54,14.25,14.44349999999998,14.99,15.86,53.59,-0.32,-0.44,0.12,巨化股份,化学原料和化学制品制造业,主板,14.58249999999994,14.314999999999959,14.265833333333324,14.33500000000001,15.671914893617014
600160,2022-10-19,15.68,15.82,16.12,15.5,15.09,508344.0,805675000.0,14.83,14.44,14.45199999999998,15.0,15.84,61.28,-0.18,-0.39,0.21,巨化股份,化学原料和化学制品制造业,主板,14.982499999999938,14.556249999999958,14.389999999999988,14.40562500000001,15.6495744680851
600160,2022-10-20,15.79,16.14,16.5,15.6,15.82,475021.0,768088000.0,15.21,14.65,14.51749999999998,15.01,15.83,64.09,-0.05,-0.32,0.27,巨化股份,化学原料和化学制品制造业,主板,15.377499999999937,14.849999999999959,14.535833333333324,14.509375000000011,15.639148936170207
600160,2022-10-21,16.06,16.16,16.5,16.0,16.14,273703.0,444496000.0,15.53,14.88,14.60199999999998,15.04,15.83,64.27,0.05,-0.25,0.3,巨化股份,化学原料和化学制品制造业,主板,15.802499999999936,15.101249999999958,14.724999999999989,14.600625000000012,15.62893617021276
600160,2022-10-24,16.05,15.93,16.32,15.76,16.16,338839.0,544305000.0,15.83,15.09,14.670499999999981,15.04,15.83,60.62,0.11,-0.18,0.29,巨化股份,化学原料和化学制品制造业,主板,16.012499999999935,15.297499999999959,14.880833333333323,14.702500000000011,15.608085106382973
600160,2022-10-25,15.77,16.15,16.32,15.43,15.93,333549.0,529690000.0,16.04,15.29,14.74349999999998,15.04,15.83,62.79,0.18,-0.11,0.29,巨化股份,化学原料和化学制品制造业,主板,16.094999999999935,15.538749999999958,15.069166666666655,14.81625000000001,15.56680851063829
600160,2022-10-26,16.2,16.77,16.91,16.02,16.15,387768.0,641641000.0,16.23,15.53,14.85799999999998,15.05,15.84,68.14,0.27,-0.03,0.3,巨化股份,化学原料和化学制品制造业,主板,16.252499999999934,15.814999999999959,15.31749999999999,14.96500000000001,15.563404255319142
600160,2022-10-27,16.78,16.13,16.87,16.13,16.77,346110.0,569156000.0,16.23,15.72,14.92949999999998,15.04,15.84,58.76,0.29,0.03,0.26,巨化股份,化学原料和化学制品制造业,主板,16.244999999999933,16.023749999999957,15.48249999999999,15.105000000000011,15.540638297872333
600160,2022-10-28,16.33,15.76,16.35,15.7,16.13,345594.0,552545000.0,16.15,15.84,15.002499999999978,15.01,15.83,54.12,0.28,0.08,0.2,巨化股份,化学原料和化学制品制造业,主板,16.202499999999937,16.107499999999956,15.599166666666656,15.21125000000001,15.511702127659566
600160,2022-10-31,15.65,15.68,15.9,15.52,15.76,247421.0,388652000.0,16.1,15.96,15.069999999999979,14.99,15.8,53.14,0.26,0.12,0.14,巨化股份,化学原料和化学制品制造业,主板,16.084999999999937,16.089999999999957,15.720833333333324,15.323125000000012,15.486382978723395
600160,2022-11-01,15.84,16.72,16.75,15.71,15.68,400536.0,659111000.0,16.21,16.13,15.186499999999977,15.0,15.79,62.59,0.33,0.16,0.17,巨化股份,化学原料和化学制品制造业,主板,16.072499999999938,16.16249999999996,15.900833333333324,15.506250000000014,15.481063829787225
600160,2022-11-02,16.52,16.6,16.83,16.48,16.72,251991.0,419724000.0,16.18,16.2,15.32199999999998,15.04,15.78,61.06,0.36,0.2,0.16,巨化股份,化学原料和化学制品制造业,主板,16.18999999999994,16.21749999999996,16.079166666666655,15.659375000000013,15.48340425531914
600160,2022-11-03,16.45,17.91,18.04,16.41,16.6,546938.0,958960000.0,16.53,16.38,15.51449999999998,15.14,15.81,69.76,0.49,0.26,0.23,巨化股份,化学原料和化学制品制造业,主板,16.72749999999994,16.464999999999957,16.314166666666654,15.881250000000012,15.494255319148927
600160,2022-11-04,17.79,18.0,18.13,17.68,17.91,371822.0,667103000.0,16.98,16.57,15.719999999999981,15.26,15.84,70.25,0.59,0.32,0.27,巨化股份,化学原料和化学制品制造业,主板,17.30749999999994,16.696249999999957,16.495833333333323,16.11750000000001,15.5059574468085
600160,2022-11-07,17.92,17.89,18.08,17.58,18.0,297811.0,531223000.0,17.42,16.76,15.92499999999998,15.37,15.86,68.78,0.66,0.39,0.27,巨化股份,化学原料和化学制品制造业,主板,17.59999999999994,16.836249999999954,16.641666666666655,16.32562500000001,15.541489361702116
600160,2022-11-08,17.94,18.05,18.36,17.81,17.89,320165.0,579513000.0,17.69,16.95,16.119999999999983,15.48,15.88,69.77,0.71,0.46,0.25,巨化股份,化学原料和化学制品制造业,主板,17.96249999999994,17.076249999999956,16.799166666666657,16.55000000000001,15.574255319148925
600160,2022-11-09,17.92,18.32,18.86,17.87,18.05,428268.0,791081000.0,18.03,17.11,16.31799999999998,15.61,15.91,71.42,0.77,0.52,0.25,巨化股份,化学原料和化学制品制造业,主板,18.06499999999994,17.396249999999956,16.998333333333324,16.751875000000013,15.619787234042544
600160,2022-11-10,18.3,17.58,18.31,17.52,18.32,348555.0,619055000.0,17.97,17.25,16.48599999999998,15.7,15.92,61.51,0.75,0.56,0.19,巨化股份,化学原料和化学制品制造业,主板,17.95999999999994,17.633749999999957,17.11749999999999,16.861875000000012,15.647021276595737
600160,2022-11-11,18.04,18.14,18.33,17.77,17.58,368836.0,666147000.0,18.0,17.49,16.664999999999978,15.83,15.92,65.42,0.76,0.6,0.16,巨化股份,化学原料和化学制品制造业,主板,18.02249999999994,17.811249999999955,17.23166666666666,16.986875000000012,15.69808510638297
600160,2022-11-14,17.92,17.28,18.2,17.16,18.14,357529.0,626184000.0,17.87,17.65,16.80599999999998,15.93,15.93,56.01,0.7,0.62,0.08,巨化股份,化学原料和化学制品制造业,主板,17.82999999999994,17.896249999999956,17.32749999999999,17.05687500000001,15.731702127659565
600160,2022-11-15,17.32,17.5,17.64,17.22,17.28,212065.0,371035000.0,17.76,17.73,16.926499999999983,16.03,15.93,57.69,0.66,0.63,0.03,巨化股份,化学原料和化学制品制造业,主板,17.624999999999943,17.844999999999956,17.472499999999993,17.15500000000001,15.775957446808501
600160,2022-11-16,17.62,17.41,17.94,17.31,17.5,188678.0,330610000.0,17.58,17.81,17.005999999999982,16.15,15.94,56.73,0.62,0.63,-0.01,巨化股份,化学原料和化学制品制造业,主板,17.582499999999943,17.771249999999956,17.616666666666656,17.23375000000001,15.813617021276587
600160,2022-11-17,17.38,17.27,17.4,16.9,17.41,214805.0,367309000.0,17.52,17.74,17.062499999999982,16.26,15.94,55.21,0.56,0.61,-0.05,巨化股份,化学原料和化学制品制造业,主板,17.36499999999994,17.69374999999996,17.66249999999999,17.26500000000001,15.836808510638289
600160,2022-11-18,17.29,17.28,17.78,17.0,17.27,222095.0,386293000.0,17.35,17.67,17.11849999999998,16.37,15.95,55.3,0.52,0.6,-0.08,巨化股份,化学原料和化学制品制造业,主板,17.36499999999994,17.597499999999958,17.71916666666666,17.336875000000013,15.851276595744672
600160,2022-11-21,17.18,17.51,17.77,17.14,17.28,251932.0,442181000.0,17.39,17.63,17.19749999999998,16.49,15.96,57.48,0.49,0.57,-0.08,巨化股份,化学原料和化学制品制造业,主板,17.367499999999943,17.496249999999957,17.685833333333324,17.446250000000013,15.871914893617012
600160,2022-11-22,17.44,17.09,17.62,16.98,17.51,210784.0,362698000.0,17.31,17.54,17.24449999999998,16.59,15.96,52.45,0.43,0.55,-0.12,巨化股份,化学原料和化学制品制造业,主板,17.287499999999945,17.43499999999996,17.609999999999992,17.53437500000001,15.884893617021268
600160,2022-11-23,17.02,17.13,17.4,16.92,17.09,156565.0,268456000.0,17.26,17.42,17.26249999999998,16.68,15.95,52.88,0.38,0.51,-0.13,巨化股份,化学原料和化学制品制造业,主板,17.252499999999944,17.30874999999996,17.546666666666656,17.56000000000001,15.89872340425531
600160,2022-11-24,17.17,17.24,17.53,17.01,17.13,153503.0,265283000.0,17.25,17.39,17.31799999999998,16.79,15.97,54.08,0.35,0.48,-0.13,巨化股份,化学原料和化学制品制造业,主板,17.242499999999943,17.30374999999996,17.479166666666657,17.60000000000001,15.921914893617013
600160,2022-11-25,17.11,16.91,17.2,16.8,17.24,176671.0,299070000.0,17.18,17.26,17.37549999999998,16.86,15.98,49.95,0.29,0.44,-0.15,巨化股份,化学原料和化学制品制造业,主板,17.09249999999994,17.22999999999996,17.361666666666657,17.53750000000001,15.94872340425531
600160,2022-11-28,16.49,16.86,17.01,16.21,16.91,178528.0,299428000.0,17.05,17.22,17.434499999999982,16.94,15.99,49.33,0.24,0.4,-0.16,巨化股份,化学原料和化学制品制造业,主板,17.03499999999994,17.161249999999963,17.30166666666666,17.46625000000001,15.991914893617011
600160,2022-11-29,16.91,16.62,17.04,16.57,16.86,205462.0,344060000.0,16.95,17.13,17.429499999999983,17.0,15.99,46.38,0.18,0.36,-0.18,巨化股份,化学原料和化学制品制造业,主板,16.907499999999942,17.079999999999963,17.174999999999994,17.38687500000001,16.037659574468076
600160,2022-11-30,16.72,16.85,16.99,16.42,16.62,224657.0,375427000.0,16.9,17.08,17.441999999999986,17.03,16.01,49.5,0.14,0.31,-0.17,巨化股份,化学原料和化学制品制造业,主板,16.809999999999942,17.026249999999962,17.139166666666657,17.31187500000001,16.086382978723396
600160,2022-12-01,16.8,16.88,17.13,16.7,16.85,234978.0,397463000.0,16.82,17.04,17.39049999999998,17.05,16.03,49.91,0.13,0.28,-0.15,巨化股份,化学原料和化学制品制造业,主板,16.80249999999994,16.947499999999962,17.08749999999999,17.22187500000001,16.132978723404246
600160,2022-12-02,16.92,16.83,17.2,16.8,16.88,193134.0,327949000.0,16.81,16.99,17.331999999999983,17.08,16.06,49.19,0.1,0.24,-0.14,巨化股份,化学原料和化学制品制造业,主板,16.79499999999994,16.91499999999996,17.039166666666656,17.17500000000001,16.182978723404247
600160,2022-12-05,16.8,16.21,16.92,16.19,16.83,324087.0,531079000.0,16.68,16.86,17.247999999999983,17.09,16.07,41.28,0.02,0.2,-0.18,巨化股份,化学原料和化学制品制造业,主板,16.69249999999994,16.79999999999996,16.950833333333325,17.05437500000001,16.215106382978714
600160,2022-12-06,16.21,16.56,16.65,16.08,16.21,230484.0,378842000.0,16.67,16.81,17.173499999999983,17.1,16.07,46.51,0.0,0.16,-0.16,巨化股份,化学原料和化学制品制造业,主板,16.61999999999994,16.71499999999996,16.890833333333322,17.009375000000013,16.26319148936169
600160,2022-12-07,16.5,16.55,16.79,16.34,16.56,173877.0,288676000.0,16.61,16.75,17.084999999999983,17.09,16.07,46.38,-0.03,0.12,-0.15,巨化股份,化学原料和化学制品制造业,主板,16.53749999999994,16.669999999999963,16.810833333333324,16.950000000000014,16.31042553191488
600160,2022-12-08,16.5,16.88,17.28,16.4,16.55,226917.0,384304000.0,16.61,16.71,17.049999999999983,17.12,16.08,51.13,-0.01,0.09,-0.1,巨化股份,化学原料和化学制品制造业,主板,16.54999999999994,16.672499999999964,16.793333333333326,16.91687500000001,16.36340425531914
600160,2022-12-09,16.89,16.73,17.05,16.64,16.88,186100.0,313076000.0,16.59,16.7,16.979499999999984,17.15,16.08,49.01,-0.01,0.07,-0.08,巨化股份,化学原料和化学制品制造业,主板,16.679999999999943,16.686249999999962,16.75999999999999,16.883125000000014,16.42382978723403
600160,2022-12-12,16.63,16.48,16.93,16.35,16.73,180977.0,299287000.0,16.64,16.66,16.93949999999999,17.18,16.08,45.61,-0.04,0.05,-0.09,巨化股份,化学原料和化学制品制造业,主板,16.659999999999943,16.63999999999996,16.696666666666655,16.833125000000017,16.475319148936162
600160,2022-12-13,16.5,16.06,16.62,16.04,16.48,197416.0,320509000.0,16.54,16.6,16.867499999999986,17.15,16.08,40.52,-0.09,0.02,-0.11,巨化股份,化学原料和化学制品制造业,主板,16.537499999999945,16.537499999999962,16.625833333333322,16.742500000000017,16.521489361702116
600160,2022-12-14,16.07,15.98,16.41,15.97,16.06,194064.0,312500000.0,16.43,16.52,16.795999999999985,17.13,16.08,39.61,-0.13,-0.01,-0.12,巨化股份,化学原料和化学制品制造业,主板,16.312499999999947,16.431249999999963,16.55249999999999,16.67312500000002,16.56808510638297
600160,2022-12-15,15.96,16.19,16.27,15.92,15.98,126540.0,204199000.0,16.29,16.45,16.741999999999987,17.08,16.11,43.2,-0.16,-0.04,-0.12,巨化股份,化学原料和化学制品制造业,主板,16.177499999999945,16.42874999999996,16.516666666666655,16.61437500000002,16.61148936170212
600160,2022-12-16,16.1,15.78,16.15,15.6,16.19,205332.0,323385000.0,16.1,16.34,16.666999999999984,17.0,16.13,38.4,-0.2,-0.07,-0.13,巨化股份,化学原料和化学制品制造业,主板,16.002499999999944,16.33124999999996,16.42749999999999,16.523125000000018,16.641702127659567
600160,2022-12-19,15.78,15.76,15.97,15.69,15.78,190683.0,301619000.0,15.95,16.3,16.579499999999985,16.93,16.15,38.18,-0.23,-0.1,-0.13,巨化股份,化学原料和化学制品制造业,主板,15.927499999999945,16.23249999999996,16.334166666666658,16.451250000000016,16.674468085106373
600160,2022-12-20,15.69,15.64,15.87,15.54,15.76,147646.0,231575000.0,15.87,16.2,16.506999999999984,16.85,16.17,36.8,-0.27,-0.14,-0.13,巨化股份,化学原料和化学制品制造业,主板,15.842499999999944,16.077499999999958,16.23499999999999,16.375000000000014,16.69744680851063
600160,2022-12-21,15.68,15.65,15.83,15.46,15.64,112568.0,175923000.0,15.8,16.12,16.432999999999986,16.76,16.18,37.0,-0.29,-0.17,-0.12,巨化股份,化学原料和化学制品制造业,主板,15.707499999999946,15.942499999999958,16.188333333333322,16.314375000000013,16.7227659574468
600160,2022-12-22,15.81,15.22,15.81,15.18,15.65,144036.0,221827000.0,15.61,15.95,16.331999999999987,16.68,16.19,32.19,-0.34,-0.2,-0.14,巨化股份,化学原料和化学制品制造业,主板,15.567499999999946,15.78499999999996,16.076666666666657,16.212500000000013,16.725531914893608
600160,2022-12-23,15.23,15.12,15.34,14.97,15.22,124766.0,188813000.0,15.48,15.79,16.242499999999986,16.58,16.21,31.17,-0.38,-0.24,-0.14,巨化股份,化学原料和化学制品制造业,主板,15.407499999999947,15.667499999999958,15.957499999999989,16.102500000000013,16.71063829787233
600160,2022-12-26,15.12,15.67,15.72,15.01,15.12,141177.0,219244000.0,15.46,15.71,16.182999999999986,16.53,16.23,42.02,-0.36,-0.26,-0.1,巨化股份,化学原料和化学制品制造业,主板,15.414999999999946,15.628749999999956,15.856666666666655,16.030000000000015,16.70063829787233
600160,2022-12-27,15.75,15.5,15.75,15.19,15.67,184331.0,284394000.0,15.43,15.65,16.126999999999985,16.46,16.25,39.92,-0.36,-0.28,-0.08,巨化股份,化学原料和化学制品制造业,主板,15.377499999999946,15.542499999999954,15.754166666666656,15.985625000000015,16.68659574468084
600160,2022-12-28,15.51,15.26,15.56,15.15,15.5,162226.0,247828000.0,15.35,15.58,16.04749999999998,16.39,16.27,37.11,-0.38,-0.3,-0.08,巨化股份,化学原料和化学制品制造业,主板,15.387499999999946,15.477499999999953,15.65249999999999,15.904375000000016,16.672340425531907
600160,2022-12-29,15.15,15.53,15.77,15.11,15.26,145681.0,226152000.0,15.42,15.51,15.97999999999998,16.33,16.29,42.06,-0.36,-0.31,-0.05,巨化股份,化学原料和化学制品制造业,主板,15.489999999999947,15.448749999999952,15.608333333333322,15.840625000000014,16.659148936170205
600160,2022-12-30,15.55,15.51,15.95,15.46,15.53,164996.0,258634000.0,15.49,15.49,15.913999999999982,16.27,16.32,41.79,-0.34,-0.32,-0.02,巨化股份,化学原料和化学制品制造业,主板,15.449999999999946,15.432499999999953,15.569166666666655,15.755000000000013,16.632340425531904
600160,2023-01-03,15.54,15.9,16.0,15.38,15.51,271239.0,427922000.0,15.54,15.5,15.89849999999998,16.22,16.36,48.53,-0.3,-0.31,0.01,巨化股份,化学原料和化学制品制造业,主板,15.549999999999947,15.463749999999951,15.54499999999999,15.703125000000012,16.62744680851063
600160,2023-01-04,15.9,16.0,16.15,15.77,15.9,215895.0,344965000.0,15.64,15.54,15.870499999999982,16.18,16.39,50.13,-0.25,-0.3,0.05,巨化股份,化学原料和化学制品制造业,主板,15.734999999999948,15.561249999999951,15.563333333333324,15.673125000000015,16.632553191489354
600160,2023-01-05,16.11,16.11,16.2,15.92,16.0,159831.0,257053000.0,15.81,15.58,15.848499999999982,16.15,16.42,51.89,-0.2,-0.28,0.08,巨化股份,化学原料和化学制品制造业,主板,15.879999999999946,15.684999999999953,15.592499999999992,15.676250000000014,16.641702127659567
600160,2023-01-06,16.15,16.4,16.57,16.03,16.11,189589.0,310464000.0,15.98,15.7,15.824499999999981,16.12,16.45,56.28,-0.14,-0.25,0.11,巨化股份,化学原料和化学制品制造业,主板,16.102499999999946,15.776249999999953,15.655833333333325,15.702500000000013,16.634893617021266
600160,2023-01-09,16.4,16.43,16.68,16.4,16.4,135438.0,223681000.0,16.17,15.83,15.80949999999998,16.11,16.48,56.72,-0.08,-0.22,0.14,巨化股份,化学原料和化学制品制造业,主板,16.234999999999943,15.892499999999952,15.720833333333324,15.717500000000012,16.63127659574467
600160,2023-01-10,16.5,16.43,16.56,16.25,16.43,128171.0,210531000.0,16.27,15.91,15.806999999999979,16.09,16.52,56.72,-0.04,-0.18,0.14,巨化股份,化学原料和化学制品制造业,主板,16.342499999999944,16.038749999999954,15.821666666666658,15.758125000000012,16.59978723404254
600160,2023-01-11,16.5,16.26,16.53,16.2,16.43,129298.0,211548000.0,16.33,15.98,15.816999999999979,16.08,16.54,53.2,-0.02,-0.15,0.13,巨化股份,化学原料和化学制品制造业,主板,16.379999999999946,16.129999999999953,15.916666666666657,15.789375000000014,16.562765957446796
600160,2023-01-12,16.37,16.34,16.52,16.21,16.26,99972.0,163918000.0,16.37,16.09,15.834999999999976,16.06,16.55,54.63,0.0,-0.12,0.12,巨化股份,化学原料和化学制品制造业,主板,16.364999999999945,16.233749999999954,15.972499999999991,15.833125000000013,16.529787234042544
600160,2023-01-13,16.71,16.06,16.75,15.86,16.34,278196.0,449039000.0,16.3,16.14,15.828499999999977,16.03,16.54,49.0,-0.01,-0.1,0.09,巨化股份,化学原料和化学制品制造业,主板,16.272499999999944,16.253749999999954,16.01916666666666,15.858750000000013,16.48744680851063
600160,2023-01-16,16.02,16.01,16.46,15.83,16.06,270766.0,437015000.0,16.22,16.19,15.839999999999979,16.01,16.54,48.04,-0.01,-0.08,0.07,巨化股份,化学原料和化学制品制造业,主板,16.167499999999947,16.254999999999953,16.08166666666666,15.908125000000014,16.438297872340414
600160,2023-01-17,16.01,16.05,16.15,15.91,16.01,117817.0,189075000.0,16.14,16.21,15.854499999999978,16.0,16.54,48.9,-0.02,-0.07,0.05,巨化股份,化学原料和化学制品制造业,主板,16.114999999999945,16.247499999999953,16.124999999999993,15.966250000000013,16.40574468085105
600160,2023-01-18,16.14,16.18,16.27,15.99,16.05,147595.0,238609000.0,16.13,16.23,15.88149999999998,15.99,16.54,51.69,0.0,-0.05,0.05,巨化股份,化学原料和化学制品制造业,主板,16.074999999999946,16.219999999999953,16.18083333333333,15.998125000000014,16.364042553191474
600160,2023-01-19,16.18,16.03,16.18,15.84,16.18,174707.0,278956000.0,16.07,16.22,15.900499999999983,15.97,16.53,48.41,-0.01,-0.05,0.04,巨化股份,化学原料和化学制品制造业,主板,16.067499999999946,16.169999999999952,16.19166666666666,16.031250000000014,16.337446808510624
600160,2023-01-20,16.06,16.27,16.27,15.99,16.03,192032.0,309977000.0,16.11,16.21,15.95299999999998,15.95,16.53,53.49,0.01,-0.03,0.04,巨化股份,化学原料和化学制品制造业,主板,16.132499999999943,16.149999999999952,16.21416666666666,16.094375000000014,16.311276595744665
600160,2023-01-30,16.3,16.1,16.56,16.04,16.27,283047.0,459968000.0,16.13,16.17,16.00199999999998,15.93,16.54,49.75,0.0,-0.03,0.03,巨化股份,化学原料和化学制品制造业,主板,16.144999999999943,16.129999999999953,16.213333333333328,16.130000000000017,16.283404255319134
600160,2023-01-31,16.07,16.57,16.63,15.91,16.1,367887.0,603561000.0,16.23,16.19,16.04699999999998,15.93,16.55,58.41,0.04,-0.01,0.05,巨化股份,化学原料和化学制品制造业,主板,16.242499999999943,16.15874999999995,16.227499999999996,16.196250000000017,16.26851063829786
600160,2023-02-01,16.53,16.63,16.7,16.35,16.57,378956.0,627893000.0,16.32,16.22,16.10349999999998,15.95,16.55,59.37,0.07,0.0,0.07,巨化股份,化学原料和化学制品制造业,主板,16.39249999999994,16.22999999999995,16.24416666666666,16.241875000000018,16.254680851063817
600160,2023-02-02,16.7,16.93,17.11,16.55,16.63,357703.0,603705000.0,16.5,16.28,16.18699999999998,15.98,16.56,63.87,0.13,0.03,0.1,巨化股份,化学原料和化学制品制造业,主板,16.557499999999944,16.344999999999953,16.285833333333326,16.30000000000002,16.242340425531903
600160,2023-02-03,16.9,16.6,16.93,16.42,16.93,333256.0,552129000.0,16.57,16.34,16.240499999999983,16.0,16.54,56.46,0.13,0.05,0.08,巨化股份,化学原料和化学制品制造业,主板,16.682499999999948,16.41374999999995,16.31416666666666,16.33062500000002,16.23191489361701
600160,2023-02-06,16.5,16.05,16.6,15.91,16.6,326582.0,526031000.0,16.56,16.34,16.267499999999984,16.01,16.5,46.73,0.09,0.06,0.03,巨化股份,化学原料和化学制品制造业,主板,16.552499999999945,16.39749999999995,16.289999999999996,16.30875000000002,16.208936170212752
600160,2023-02-07,16.11,16.05,16.15,15.83,16.05,189388.0,302564000.0,16.45,16.34,16.274999999999984,16.02,16.47,46.73,0.07,0.06,0.01,巨化股份,化学原料和化学制品制造业,主板,16.407499999999946,16.399999999999952,16.289166666666663,16.28500000000002,16.183617021276582
600160,2023-02-08,15.98,15.84,16.02,15.83,16.05,163827.0,260676000.0,16.29,16.31,16.266999999999985,16.02,16.44,43.42,0.03,0.05,-0.02,巨化股份,化学原料和化学制品制造业,主板,16.13499999999995,16.34624999999995,16.274999999999995,16.24812500000002,16.160851063829774
600160,2023-02-09,15.81,15.97,15.99,15.77,15.84,151897.0,241926000.0,16.1,16.3,16.259999999999984,16.03,16.4,45.97,0.0,0.04,-0.04,巨化股份,化学原料和化学制品制造业,主板,15.977499999999948,16.329999999999952,16.268333333333327,16.23000000000002,16.14191489361701
600160,2023-02-10,15.91,16.9,17.3,15.88,15.97,654290.0,1096120000.0,16.16,16.36,16.284999999999986,16.09,16.39,59.91,0.06,0.05,0.01,巨化股份,化学原料和化学制品制造业,主板,16.189999999999948,16.371249999999954,16.32833333333333,16.265000000000022,16.14787234042552
600160,2023-02-13,17.18,17.09,17.3,16.76,16.9,455240.0,774418000.0,16.37,16.46,16.317999999999984,16.16,16.37,62.07,0.12,0.06,0.06,巨化股份,化学原料和化学制品制造业,主板,16.44999999999995,16.428749999999955,16.41666666666666,16.32937500000002,16.152978723404242
600160,2023-02-14,17.15,17.68,17.88,17.09,17.09,596210.0,1046100000.0,16.7,16.57,16.380499999999984,16.22,16.38,67.84,0.21,0.09,0.12,巨化股份,化学原料和化学制品制造业,主板,16.909999999999947,16.522499999999955,16.53416666666666,16.43375000000002,16.169999999999984
600160,2023-02-15,17.7,18.05,18.18,17.61,17.68,558133.0,1002310000.0,17.14,16.72,16.469999999999985,16.31,16.38,70.84,0.3,0.13,0.17,巨化股份,化学原料和化学制品制造业,主板,17.429999999999946,16.703749999999957,16.696666666666662,16.55875000000002,16.195957446808496
600160,2023-02-16,17.99,17.42,18.25,17.24,18.05,534560.0,946838000.0,17.43,16.77,16.523999999999987,16.38,16.39,60.5,0.33,0.17,0.16,巨化股份,化学原料和化学制品制造业,主板,17.559999999999945,16.874999999999957,16.7675,16.63625000000002,16.221702127659558
600160,2023-02-17,17.48,17.48,17.61,17.18,17.42,302666.0,527577000.0,17.54,16.85,16.594999999999988,16.44,16.39,61.08,0.35,0.21,0.14,巨化股份,化学原料和化学制品制造业,主板,17.657499999999946,17.053749999999955,16.83833333333333,16.72687500000002,16.241276595744665
600160,2023-02-20,17.31,17.8,17.84,17.31,17.48,308488.0,543274000.0,17.69,17.03,16.68449999999999,16.52,16.4,64.12,0.39,0.24,0.15,巨化股份,化学原料和化学制品制造业,主板,17.687499999999943,17.298749999999956,16.910833333333333,16.822500000000023,16.267872340425516
600160,2023-02-21,17.8,17.82,18.07,17.68,17.8,201845.0,360203000.0,17.71,17.21,16.77299999999999,16.58,16.4,64.31,0.42,0.28,0.14,巨化股份,化学原料和化学制品制造业,主板,17.629999999999942,17.529999999999955,17.0125,16.93000000000002,16.287872340425515
600160,2023-02-22,17.78,17.68,17.8,17.45,17.82,206675.0,364535000.0,17.64,17.39,16.84799999999999,16.64,16.41,61.87,0.42,0.31,0.11,巨化股份,化学原料和化学制品制造业,主板,17.69499999999994,17.627499999999955,17.14833333333333,16.999375000000022,16.30808510638296
600160,2023-02-23,17.68,17.81,17.98,17.68,17.68,208318.0,371587000.0,17.72,17.57,16.93699999999999,16.7,16.42,63.26,0.43,0.33,0.1,巨化股份,化学原料和化学制品制造业,主板,17.77749999999994,17.717499999999955,17.294999999999998,17.073125000000022,16.336382978723385
600160,2023-02-24,17.85,18.29,18.62,17.74,17.81,424953.0,778829000.0,17.88,17.71,17.03799999999999,16.76,16.44,67.92,0.47,0.36,0.11,巨化股份,化学原料和化学制品制造业,主板,17.899999999999938,17.793749999999953,17.499166666666664,17.158125000000023,16.383829787234024
600160,2023-02-27,18.14,19.07,19.47,17.97,18.29,538109.0,1019440000.0,18.13,17.91,17.186499999999988,16.85,16.48,73.75,0.56,0.4,0.16,巨化股份,化学原料和化学制品制造业,主板,18.21249999999994,17.92124999999995,17.757499999999997,17.31250000000002,16.44957446808509
600160,2023-02-28,18.95,18.84,19.09,18.65,19.07,329102.0,620313000.0,18.34,18.03,17.29999999999999,16.93,16.51,69.73,0.61,0.44,0.17,巨化股份,化学原料和化学制品制造业,主板,18.50249999999994,18.098749999999953,17.919166666666662,17.48687500000002,16.505957446808495
600160,2023-03-01,18.92,19.16,19.26,18.76,18.84,309083.0,588251000.0,18.63,18.14,17.42649999999999,17.03,16.55,72.02,0.66,0.49,0.17,巨化股份,化学原料和化学制品制造业,主板,18.83999999999994,18.308749999999954,18.09166666666666,17.68125000000002,16.577872340425515
600160,2023-03-02,19.06,18.95,19.16,18.79,19.16,208538.0,395120000.0,18.86,18.29,17.52749999999999,17.11,16.59,68.37,0.67,0.52,0.15,巨化股份,化学原料和化学制品制造业,主板,19.00499999999994,18.45249999999995,18.197499999999994,17.87562500000002,16.64574468085105
600160,2023-03-03,18.94,19.17,19.34,18.69,18.95,273072.0,520957000.0,19.04,18.46,17.655999999999988,17.22,16.63,70.08,0.7,0.56,0.14,巨化股份,化学原料和化学制品制造业,主板,19.029999999999937,18.621249999999954,18.290833333333325,18.07562500000002,16.72085106382977
600160,2023-03-06,19.05,19.04,19.24,18.63,19.17,291551.0,552246000.0,19.03,18.58,17.805499999999988,17.32,16.66,67.74,0.7,0.59,0.11,巨化股份,化学原料和化学制品制造业,主板,19.079999999999934,18.791249999999952,18.425833333333326,18.209375000000023,16.79297872340424
600160,2023-03-07,18.85,18.58,19.08,18.56,19.04,210030.0,394063000.0,18.98,18.66,17.931999999999988,17.4,16.7,60.12,0.65,0.6,0.05,巨化股份,化学原料和化学制品制造业,主板,18.934999999999935,18.887499999999953,18.51749999999999,18.302500000000023,16.864468085106367
600160,2023-03-08,18.5,18.54,18.75,18.35,18.58,223182.0,412708000.0,18.86,18.74,18.06699999999999,17.48,16.73,59.49,0.61,0.6,0.01,巨化股份,化学原料和化学制品制造业,主板,18.832499999999936,18.918749999999953,18.579166666666655,18.356250000000024,16.937234042553175
600160,2023-03-09,18.6,18.5,18.84,18.46,18.54,131331.0,244477000.0,18.77,18.81,18.19349999999999,17.56,16.77,58.83,0.57,0.59,-0.02,巨化股份,化学原料和化学制品制造业,主板,18.664999999999935,18.847499999999954,18.635833333333323,18.384375000000023,16.99744680851062
600160,2023-03-10,18.41,18.15,18.55,18.01,18.5,197539.0,359942000.0,18.56,18.8,18.25599999999999,17.63,16.79,53.26,0.49,0.57,-0.08,巨化股份,化学原料和化学制品制造业,主板,18.44249999999994,18.761249999999954,18.67499999999999,18.43000000000002,17.053829787234026
600160,2023-03-13,18.1,18.07,18.22,17.84,18.15,231899.0,417961000.0,18.37,18.7,18.30499999999999,17.69,16.81,52.04,0.42,0.54,-0.12,巨化股份,化学原料和化学制品制造业,主板,18.314999999999937,18.624999999999954,18.696666666666655,18.46687500000002,17.11361702127658
600160,2023-03-14,18.09,17.79,18.12,17.63,18.07,183796.0,327731000.0,18.21,18.6,18.31049999999999,17.73,16.83,47.93,0.35,0.5,-0.15,巨化股份,化学原料和化学制品制造业,主板,18.12749999999994,18.479999999999954,18.65499999999999,18.46625000000002,17.16170212765956
600160,2023-03-15,17.92,17.92,18.44,17.86,17.79,188420.0,341633000.0,18.09,18.47,18.30399999999999,17.77,16.86,49.91,0.29,0.46,-0.17,巨化股份,化学原料和化学制品制造业,主板,17.98249999999994,18.323749999999954,18.559166666666655,18.47250000000002,17.212978723404238
600160,2023-03-16,17.8,17.4,17.95,17.31,17.92,222910.0,391040000.0,17.87,18.32,18.30299999999999,17.79,16.89,42.88,0.2,0.41,-0.21,巨化股份,化学原料和化学制品制造业,主板,17.794999999999938,18.118749999999956,18.439166666666654,18.45500000000002,17.24489361702126
600160,2023-03-17,17.61,17.35,17.73,17.3,17.4,161340.0,282557000.0,17.71,18.13,18.296499999999988,17.82,16.91,42.26,0.12,0.35,-0.23,巨化股份,化学原料和化学制品制造业,主板,17.614999999999938,17.964999999999954,18.288333333333323,18.42625000000002,17.27361702127658
600160,2023-03-20,17.2,17.33,17.57,17.0,17.35,164928.0,285117000.0,17.56,17.96,18.27299999999999,17.86,16.93,42.0,0.06,0.29,-0.23,巨化股份,化学原料和化学制品制造业,主板,17.499999999999936,17.813749999999953,18.15333333333332,18.36625000000002,17.29957446808509
600160,2023-03-21,17.38,17.51,17.76,17.25,17.33,154897.0,271401000.0,17.5,17.86,18.257499999999986,17.91,16.96,45.27,0.02,0.24,-0.22,巨化股份,化学原料和化学制品制造业,主板,17.397499999999937,17.68999999999995,18.014999999999986,18.26875000000002,17.323191489361687
600160,2023-03-22,17.6,17.11,17.79,17.08,17.51,199718.0,346344000.0,17.34,17.71,18.22899999999999,17.95,16.99,39.89,-0.03,0.18,-0.21,巨化股份,化学原料和化学制品制造业,主板,17.32499999999994,17.55999999999995,17.854166666666654,18.16062500000002,17.33765957446807
600160,2023-03-23,17.06,17.04,17.21,16.82,17.11,166037.0,282393000.0,17.27,17.57,18.19049999999999,17.98,17.01,39.02,-0.08,0.13,-0.21,巨化股份,化学原料和化学制品制造业,主板,17.24749999999994,17.43124999999995,17.725833333333323,18.02812500000002,17.350638297872326
600160,2023-03-24,17.04,16.76,17.04,16.51,17.04,239592.0,400951000.0,17.15,17.43,18.113999999999987,17.98,17.04,35.66,-0.14,0.08,-0.22,巨化股份,化学原料和化学制品制造业,主板,17.10499999999994,17.30249999999995,17.57749999999999,17.89125000000002,17.361276595744666
600160,2023-03-27,16.7,16.99,17.04,16.5,16.76,227866.0,384236000.0,17.08,17.32,18.009999999999987,17.98,17.07,40.21,-0.17,0.03,-0.2,巨化股份,化学原料和化学制品制造业,主板,16.974999999999937,17.18624999999995,17.451666666666657,17.75500000000002,17.375106382978707
600160,2023-03-28,17.2,17.16,17.67,17.09,16.99,313878.0,543974000.0,17.01,17.26,17.92599999999999,17.96,17.09,43.4,-0.18,-0.01,-0.17,巨化股份,化学原料和化学制品制造业,主板,16.987499999999937,17.15624999999995,17.369166666666654,17.63750000000002,17.398510638297857
600160,2023-03-29,17.14,17.02,17.52,17.0,17.16,220501.0,380766000.0,16.99,17.17,17.81899999999999,17.92,17.12,41.44,-0.19,-0.05,-0.14,巨化股份,化学原料和化学制品制造业,主板,16.982499999999938,17.114999999999952,17.281666666666656,17.54000000000002,17.419999999999984
600160,2023-03-30,16.96,17.27,17.29,16.8,17.02,220732.0,377151000.0,17.04,17.15,17.73499999999999,17.92,17.15,46.12,-0.18,-0.08,-0.1,巨化股份,化学原料和化学制品制造业,主板,17.109999999999935,17.107499999999952,17.238333333333326,17.460625000000018,17.445957446808496
600160,2023-03-31,17.2,17.68,17.73,17.16,17.27,241567.0,423332000.0,17.22,17.19,17.66049999999999,17.93,17.19,52.79,-0.14,-0.09,-0.05,巨化股份,化学原料和化学制品制造业,主板,17.28249999999994,17.128749999999954,17.218333333333323,17.40937500000002,17.477872340425517
600160,2023-04-03,17.7,17.57,17.85,17.32,17.68,251666.0,442522000.0,17.34,17.21,17.586999999999986,17.92,17.22,50.97,-0.11,-0.09,-0.02,巨化股份,化学原料和化学制品制造业,主板,17.38499999999994,17.18624999999995,17.23249999999999,17.37312500000002,17.51063829787233
600160,2023-04-04,17.49,16.94,17.49,16.84,17.57,259692.0,442768000.0,17.3,17.15,17.50499999999999,17.89,17.24,42.02,-0.14,-0.1,-0.04,巨化股份,化学原料和化学制品制造业,主板,17.36499999999994,17.173749999999952,17.198333333333323,17.30250000000002,17.524893617021267
600160,2023-04-06,16.91,16.6,16.96,16.31,16.94,268476.0,446331000.0,17.21,17.1,17.407999999999987,17.85,17.25,38.13,-0.19,-0.12,-0.07,巨化股份,化学原料和化学制品制造业,主板,17.197499999999945,17.153749999999953,17.13749999999999,17.22812500000002,17.535531914893607
600160,2023-04-07,16.55,17.21,17.52,16.45,16.6,258497.0,442374000.0,17.2,17.12,17.343499999999985,17.83,17.27,47.52,-0.18,-0.13,-0.05,巨化股份,化学原料和化学制品制造业,主板,17.07999999999994,17.181249999999952,17.11249999999999,17.183750000000018,17.5491489361702
600160,2023-04-10,17.4,18.19,18.24,17.3,17.21,452439.0,815557000.0,17.3,17.26,17.345499999999987,17.83,17.3,58.43,-0.09,-0.12,0.03,巨化股份,化学原料和化学制品制造业,主板,17.234999999999943,17.309999999999953,17.20249999999999,17.23312500000002,17.582340425531907
600160,2023-04-11,18.0,17.8,18.15,17.69,18.19,206937.0,369541000.0,17.35,17.34,17.331999999999987,17.79,17.32,53.65,-0.05,-0.11,0.06,巨化股份,化学原料和化学制品制造业,主板,17.449999999999942,17.407499999999953,17.265833333333326,17.261250000000018,17.60085106382978
600160,2023-04-12,17.83,18.16,18.39,17.81,17.8,330470.0,599150000.0,17.59,17.44,17.35049999999999,17.77,17.35,57.14,0.01,-0.08,0.09,巨化股份,化学原料和化学制品制造业,主板,17.83999999999994,17.51874999999995,17.382499999999993,17.31312500000002,17.634042553191478
600160,2023-04-13,18.05,17.79,18.37,17.66,18.16,271362.0,485360000.0,17.83,17.52,17.343999999999987,17.72,17.37,52.75,0.03,-0.06,0.09,巨化股份,化学原料和化学制品制造业,主板,17.984999999999935,17.53249999999995,17.44916666666666,17.330625000000023,17.671063829787222
600160,2023-04-14,17.73,17.56,17.9,17.53,17.79,195545.0,345262000.0,17.9,17.55,17.35199999999999,17.67,17.39,50.16,0.03,-0.04,0.07,巨化股份,化学原料和化学制品制造业,主板,17.827499999999937,17.53124999999995,17.48249999999999,17.358750000000022,17.703191489361693
600160,2023-04-17,17.75,18.32,18.32,17.75,17.56,309291.0,560959000.0,17.93,17.61,17.400499999999987,17.64,17.43,57.55,0.09,-0.02,0.11,巨化股份,化学原料和化学制品制造业,主板,17.957499999999936,17.70374999999995,17.590833333333325,17.43875000000002,17.7559574468085
600160,2023-04-18,18.2,18.39,18.54,18.07,18.32,210116.0,384492000.0,18.04,17.7,17.453499999999988,17.62,17.47,58.17,0.14,0.01,0.13,巨化股份,化学原料和化学制品制造业,主板,18.014999999999937,17.92749999999995,17.68416666666666,17.54062500000002,17.807446808510626
600160,2023-04-19,18.25,18.7,18.91,18.16,18.39,325756.0,605957000.0,18.15,17.87,17.512999999999987,17.63,17.51,60.87,0.2,0.05,0.15,巨化股份,化学原料和化学制品制造业,主板,18.242499999999936,18.113749999999946,17.769166666666656,17.64750000000002,17.845744680851055
600160,2023-04-20,18.69,18.5,19.05,18.27,18.7,343635.0,636322000.0,18.29,18.06,17.58249999999999,17.63,17.55,58.26,0.22,0.09,0.13,巨化股份,化学原料和化学制品制造业,主板,18.477499999999935,18.152499999999947,17.846666666666657,17.731250000000017,17.875744680851053
600160,2023-04-21,17.9,17.09,17.9,16.7,18.5,796535.0,1375030000.0,18.2,18.05,17.584999999999987,17.58,17.57,43.92,0.14,0.1,0.04,巨化股份,化学原料和化学制品制造业,主板,18.169999999999938,18.063749999999946,17.859166666666656,17.735625000000017,17.863191489361693
600160,2023-04-24,16.92,16.65,17.45,16.43,17.09,420192.0,707683000.0,17.87,17.9,17.579499999999985,17.53,17.58,40.56,0.03,0.08,-0.05,巨化股份,化学原料和化学制品制造业,主板,17.73499999999994,17.874999999999947,17.863333333333326,17.696875000000016,17.83340425531914
600160,2023-04-25,16.56,15.87,16.68,15.57,16.65,429145.0,686911000.0,17.36,17.7,17.523499999999984,17.46,17.57,35.4,-0.12,0.04,-0.16,巨化股份,化学原料和化学制品制造业,主板,17.02749999999994,17.63499999999995,17.751666666666658,17.583750000000016,17.800425531914886
600160,2023-04-26,15.8,16.24,16.27,15.8,15.87,247734.0,398818000.0,16.87,17.51,17.477499999999985,17.4,17.57,39.35,-0.2,-0.01,-0.19,巨化股份,化学原料和化学制品制造业,主板,16.462499999999938,17.46999999999995,17.58916666666666,17.500625000000017,17.77404255319148
600160,2023-04-27,16.23,15.92,16.25,15.54,16.24,337975.0,536389000.0,16.35,17.32,17.422499999999985,17.34,17.56,37.23,-0.29,-0.06,-0.23,巨化股份,化学原料和化学制品制造业,主板,16.169999999999938,17.16999999999995,17.43249999999999,17.43687500000002,17.734042553191482
600160,2023-04-28,15.8,15.15,16.06,14.99,15.92,492560.0,755331000.0,15.97,17.08,17.316499999999984,17.26,17.53,32.67,-0.42,-0.13,-0.29,巨化股份,化学原料和化学制品制造业,主板,15.79499999999994,16.76499999999995,17.181666666666658,17.346250000000015,17.677234042553184
600160,2023-05-04,15.11,14.96,15.16,14.8,15.15,284365.0,425616000.0,15.63,16.75,17.180499999999984,17.18,17.5,31.64,-0.53,-0.21,-0.32,巨化股份,化学原料和化学制品制造业,主板,15.56749999999994,16.297499999999953,16.945833333333326,17.205625000000015,17.61936170212765
600160,2023-05-05,15.0,14.82,15.06,14.49,14.96,250752.0,368861000.0,15.42,16.39,17.042999999999985,17.1,17.48,30.87,-0.63,-0.3,-0.33,巨化股份,化学原料和化学制品制造业,主板,15.212499999999942,15.837499999999952,16.71749999999999,16.995000000000015,17.55574468085106
600160,2023-05-08,14.79,14.85,15.16,14.56,14.82,243519.0,361355000.0,15.14,16.0,16.938499999999983,17.01,17.46,31.26,-0.69,-0.38,-0.31,巨化股份,化学原料和化学制品制造业,主板,14.94499999999994,15.557499999999951,16.428333333333324,16.810625000000016,17.48255319148936
600160,2023-05-09,14.81,14.45,15.13,14.4,14.85,336867.0,494675000.0,14.85,15.6,16.83099999999998,16.92,17.44,28.94,-0.76,-0.45,-0.31,巨化股份,化学原料和化学制品制造业,主板,14.769999999999941,15.28249999999995,16.09999999999999,16.578750000000014,17.38425531914893
600160,2023-05-10,14.4,14.55,14.6,14.28,14.45,169376.0,244593000.0,14.73,15.35,16.697999999999986,16.84,17.41,30.33,-0.8,-0.52,-0.28,巨化股份,化学原料和化学制品制造业,主板,14.667499999999942,15.11749999999995,15.754166666666658,16.376250000000013,17.29297872340425
600160,2023-05-11,14.55,14.16,14.59,14.14,14.55,237153.0,338037000.0,14.57,15.1,16.496499999999987,16.75,17.37,28.02,-0.85,-0.59,-0.26,巨化股份,化学原料和化学制品制造业,主板,14.502499999999943,14.85749999999995,15.392499999999991,16.163750000000014,17.186595744680847
600160,2023-05-12,14.16,13.89,14.28,13.86,14.16,172575.0,241419000.0,14.38,14.9,16.300999999999984,16.65,17.31,26.52,-0.91,-0.65,-0.26,巨化股份,化学原料和化学制品制造业,主板,14.262499999999944,14.60374999999995,15.125833333333325,15.886875000000014,17.07893617021276
600160,2023-05-15,13.92,14.05,14.12,13.85,13.89,147351.0,206131000.0,14.22,14.68,16.095499999999983,16.55,17.25,28.95,-0.92,-0.71,-0.21,巨化股份,化学原料和化学制品制造业,主板,14.162499999999945,14.466249999999949,14.909166666666659,15.615625000000016,16.96999999999999
600160,2023-05-16,14.06,13.87,14.1,13.8,14.05,162144.0,225535000.0,14.1,14.48,15.899499999999984,16.44,17.18,27.83,-0.94,-0.75,-0.19,巨化股份,化学原料和化学制品制造业,主板,13.992499999999946,14.329999999999949,14.742499999999993,15.313750000000017,16.859999999999996
600160,2023-05-17,13.86,13.77,14.0,13.7,13.87,175054.0,241931000.0,13.95,14.34,15.709999999999983,16.32,17.12,27.2,-0.96,-0.79,-0.17,巨化股份,化学原料和化学制品制造业,主板,13.894999999999946,14.19874999999995,14.53666666666666,15.018125000000015,16.75765957446808
600160,2023-05-18,13.8,13.58,13.85,13.51,13.77,151794.0,206960000.0,13.83,14.2,15.472999999999981,16.19,17.06,26.0,-0.97,-0.83,-0.14,巨化股份,化学原料和化学制品制造业,主板,13.817499999999946,14.039999999999951,14.341666666666661,14.798750000000016,16.652127659574465
600160,2023-05-19,13.56,13.57,13.73,13.41,13.58,118044.0,160051000.0,13.77,14.07,15.231999999999982,16.05,16.99,25.94,-0.97,-0.86,-0.11,巨化股份,化学原料和化学制品制造业,主板,13.697499999999945,13.929999999999952,14.209999999999994,14.606250000000015,16.54723404255319
600160,2023-05-22,13.61,13.88,13.98,13.52,13.57,210764.0,290457000.0,13.73,13.98,14.990999999999982,15.95,16.92,31.64,-0.93,-0.87,-0.06,巨化股份,化学原料和化学制品制造业,主板,13.699999999999944,13.846249999999952,14.119999999999992,14.481875000000015,16.4563829787234
600160,2023-05-23,13.9,13.84,14.05,13.8,13.88,176626.0,245830000.0,13.73,13.92,14.757999999999981,15.86,16.86,31.3,-0.9,-0.88,-0.02,巨化股份,化学原料和化学制品制造业,主板,13.717499999999944,13.806249999999952,14.038333333333327,14.331875000000014,16.3663829787234
600160,2023-05-24,13.8,14.01,14.22,13.66,13.84,199324.0,278859000.0,13.78,13.86,14.603999999999981,15.75,16.79,34.47,-0.85,-0.87,0.02,巨化股份,化学原料和化学制品制造业,主板,13.824999999999946,13.821249999999953,13.968333333333327,14.212500000000015,16.285957446808506
600160,2023-05-25,14.0,13.9,14.09,13.69,14.01,173564.0,240506000.0,13.84,13.84,14.466499999999982,15.61,16.72,33.4,-0.81,-0.86,0.05,巨化股份,化学原料和化学制品制造业,主板,13.907499999999947,13.802499999999954,13.922499999999994,14.134375000000015,16.20042553191489
600160,2023-05-26,13.89,13.61,13.89,13.6,13.9,110215.0,150991000.0,13.85,13.81,14.353499999999983,15.47,16.63,30.68,-0.79,-0.85,0.06,巨化股份,化学原料和化学制品制造业,主板,13.839999999999945,13.769999999999953,13.844166666666661,14.050000000000013,16.11978723404255
600160,2023-05-29,13.6,13.5,13.69,13.33,13.61,189141.0,254914000.0,13.77,13.75,14.216499999999982,15.31,16.54,29.7,-0.77,-0.83,0.06,巨化股份,化学原料和化学制品制造业,主板,13.754999999999946,13.736249999999954,13.789166666666661,13.967500000000014,16.03787234042553
600160,2023-05-30,13.5,13.39,13.53,13.13,13.5,176986.0,235174000.0,13.68,13.7,14.08999999999998,15.17,16.44,28.7,-0.76,-0.82,0.06,巨化股份,化学原料和化学制品制造业,主板,13.599999999999946,13.712499999999954,13.747499999999997,13.876250000000015,15.954042553191485
600160,2023-05-31,13.38,13.15,13.47,13.0,13.39,170212.0,223705000.0,13.51,13.64,13.98999999999998,15.02,16.35,26.61,-0.76,-0.81,0.05,巨化股份,化学原料和化学制品制造业,主板,13.412499999999946,13.659999999999954,13.672499999999998,13.795000000000016,15.861276595744677
600160,2023-06-01,13.14,13.23,13.43,13.03,13.15,130245.0,173004000.0,13.38,13.61,13.903499999999983,14.85,16.25,28.48,-0.75,-0.79,0.04,巨化股份,化学原料和化学制品制造业,主板,13.317499999999946,13.578749999999955,13.619166666666663,13.712500000000015,15.778723404255315
600160,2023-06-02,13.23,13.85,13.91,13.23,13.23,243992.0,334282000.0,13.42,13.64,13.854999999999984,14.7,16.16,41.03,-0.68,-0.77,0.09,巨化股份,化学原料和化学制品制造业,主板,13.404999999999944,13.579999999999954,13.625833333333327,13.693125000000014,15.710851063829784
600160,2023-06-05,13.99,13.9,14.0,13.72,13.85,118354.0,164194000.0,13.5,13.64,13.807499999999981,14.54,16.08,41.92,-0.61,-0.74,0.13,巨化股份,化学原料和化学制品制造业,主板,13.532499999999946,13.566249999999954,13.652499999999995,13.693750000000016,15.649999999999997
600160,2023-06-06,14.1,13.78,14.35,13.72,13.9,263735.0,369429000.0,13.58,13.63,13.773999999999981,14.38,16.0,40.35,-0.57,-0.71,0.14,巨化股份,化学原料和化学制品制造业,主板,13.689999999999946,13.551249999999953,13.669999999999995,13.676875000000015,15.58170212765957
600160,2023-06-07,13.81,13.5,13.85,13.41,13.78,150275.0,203522000.0,13.65,13.58,13.721499999999981,14.26,15.92,36.89,-0.54,-0.67,0.13,巨化股份,化学原料和化学制品制造业,主板,13.757499999999947,13.537499999999953,13.638333333333328,13.653750000000015,15.50382978723404
600160,2023-06-08,13.54,13.48,13.6,13.32,13.5,95129.7,128130000.0,13.7,13.54,13.68749999999998,14.16,15.84,36.65,-0.52,-0.64,0.12,巨化股份,化学原料和化学制品制造业,主板,13.664999999999948,13.534999999999954,13.608333333333327,13.635625000000013,15.428510638297869
600160,2023-06-09,13.48,13.34,13.53,13.27,13.48,161890.0,216386000.0,13.6,13.51,13.659999999999979,14.07,15.76,34.92,-0.51,-0.62,0.11,巨化股份,化学原料和化学制品制造业,主板,13.524999999999947,13.528749999999954,13.552499999999995,13.620625000000013,15.344893617021276
600160,2023-06-12,13.4,13.66,13.7,13.31,13.34,149736.0,202903000.0,13.55,13.53,13.64049999999998,13.99,15.7,41.68,-0.47,-0.59,0.12,巨化股份,化学原料和化学制品制造业,主板,13.494999999999948,13.592499999999953,13.532499999999994,13.626250000000013,15.259361702127658
600160,2023-06-13,13.66,13.56,13.72,13.48,13.66,84559.6,114732000.0,13.51,13.54,13.62499999999998,13.91,15.62,40.28,-0.44,-0.56,0.12,巨化股份,化学原料和化学制品制造业,主板,13.509999999999948,13.633749999999953,13.528333333333327,13.606250000000014,15.174042553191486
600160,2023-06-14,13.78,13.92,14.16,13.67,13.56,252843.0,352017000.0,13.59,13.62,13.632499999999983,13.87,15.56,47.19,-0.39,-0.52,0.13,巨化股份,化学原料和化学制品制造业,主板,13.619999999999948,13.642499999999954,13.563333333333325,13.611250000000013,15.109787234042548
600160,2023-06-15,13.94,14.12,14.18,13.8,13.92,194355.0,272583000.0,13.72,13.71,13.659499999999984,13.84,15.51,50.61,-0.32,-0.48,0.16,巨化股份,化学原料和化学制品制造业,主板,13.814999999999948,13.669999999999954,13.624166666666659,13.618125000000013,15.057021276595739
600160,2023-06-16,14.1,13.49,14.1,13.47,14.12,359355.0,490673000.0,13.75,13.68,13.655499999999984,13.8,15.45,41.49,-0.31,-0.45,0.14,巨化股份,化学原料和化学制品制造业,主板,13.772499999999948,13.633749999999953,13.652499999999991,13.592500000000014,14.977872340425526
600160,2023-06-19,13.49,13.57,13.65,13.38,13.49,216052.0,292455000.0,13.73,13.64,13.639999999999983,13.75,15.38,42.9,-0.3,-0.42,0.12,巨化股份,化学原料和化学制品制造业,主板,13.774999999999949,13.642499999999952,13.680833333333325,13.590000000000014,14.8795744680851
600160,2023-06-20,13.43,13.8,13.91,13.41,13.57,220449.0,301822000.0,13.78,13.64,13.637999999999986,13.73,15.33,46.86,-0.26,-0.39,0.13,巨化股份,化学原料和化学制品制造业,主板,13.744999999999948,13.682499999999951,13.67666666666666,13.608750000000015,14.794468085106377
600160,2023-06-21,13.8,13.29,13.8,13.28,13.8,175814.0,236882000.0,13.65,13.62,13.601999999999986,13.69,15.26,40.2,-0.28,-0.37,0.09,巨化股份,化学原料和化学制品制造业,主板,13.537499999999946,13.67624999999995,13.625833333333325,13.602500000000013,14.690851063829781
600160,2023-06-26,13.23,13.31,13.48,13.12,13.29,141663.0,188254000.0,13.49,13.61,13.572499999999987,13.66,15.21,40.56,-0.29,-0.35,0.06,巨化股份,化学原料和化学制品制造业,主板,13.492499999999945,13.63249999999995,13.586666666666659,13.612500000000013,14.59553191489361
600160,2023-06-27,13.31,13.56,13.68,13.26,13.31,153199.0,207638000.0,13.51,13.63,13.569999999999988,13.65,15.15,44.98,-0.27,-0.33,0.06,巨化股份,化学原料和化学制品制造业,主板,13.489999999999943,13.63249999999995,13.59166666666666,13.633125000000014,14.510425531914887
600160,2023-06-28,13.58,13.39,13.6,13.26,13.56,105860.0,141666000.0,13.47,13.6,13.564499999999986,13.63,15.09,42.66,-0.26,-0.32,0.06,巨化股份,化学原料和化学制品制造业,主板,13.387499999999942,13.56624999999995,13.58416666666666,13.604375000000013,14.405531914893608
600160,2023-06-29,13.42,13.2,13.42,13.05,13.39,172188.0,226541000.0,13.35,13.57,13.554999999999987,13.6,15.02,40.16,-0.27,-0.31,0.04,巨化股份,化学原料和化学制品制造业,主板,13.364999999999943,13.45124999999995,13.572499999999991,13.560625000000012,14.295106382978716
600160,2023-06-30,13.13,13.78,13.82,13.09,13.2,311545.0,423899000.0,13.45,13.55,13.586499999999987,13.61,14.96,49.81,-0.23,-0.29,0.06,巨化股份,化学原料和化学制品制造业,主板,13.482499999999941,13.487499999999951,13.58249999999999,13.560625000000012,14.190425531914885
600160,2023-07-03,13.83,13.6,13.89,13.57,13.78,187955.0,256949000.0,13.51,13.5,13.604999999999986,13.61,14.9,47.26,-0.21,-0.28,0.07,巨化股份,化学原料和化学制品制造业,主板,13.49249999999994,13.491249999999951,13.585833333333325,13.566875000000012,14.08617021276595
600160,2023-07-04,13.64,13.36,13.66,13.35,13.6,215188.0,289063000.0,13.47,13.49,13.580499999999986,13.6,14.83,44.03,-0.21,-0.26,0.05,巨化股份,化学原料和化学制品制造业,主板,13.484999999999939,13.436249999999951,13.539166666666658,13.559375000000012,14.006808510638288
600160,2023-07-05,13.38,13.18,13.41,13.07,13.36,222715.0,293933000.0,13.42,13.45,13.544499999999989,13.58,14.76,41.72,-0.22,-0.25,0.03,巨化股份,化学原料和化学制品制造业,主板,13.479999999999936,13.422499999999953,13.460833333333325,13.549375000000012,13.932978723404245
600160,2023-07-06,13.16,13.13,13.22,13.02,13.18,116007.0,152125000.0,13.41,13.38,13.51199999999999,13.55,14.71,41.08,-0.22,-0.25,0.03,巨化股份,化学原料和化学制品制造业,主板,13.317499999999935,13.399999999999952,13.430833333333323,13.516250000000012,13.87468085106382
600160,2023-07-07,13.16,13.1,13.21,13.02,13.13,105216.0,137861000.0,13.27,13.36,13.49199999999999,13.52,14.64,40.68,-0.23,-0.24,0.01,巨化股份,化学原料和化学制品制造业,主板,13.192499999999933,13.342499999999951,13.391666666666657,13.487500000000011,13.807872340425522
600160,2023-07-10,13.15,13.95,14.09,13.12,13.1,538728.0,742684000.0,13.34,13.42,13.515499999999989,13.52,14.57,54.4,-0.17,-0.23,0.06,巨化股份,化学原料和化学制品制造业,主板,13.339999999999932,13.412499999999952,13.404166666666654,13.489375000000011,13.765957446808503
600160,2023-07-11,13.8,13.83,13.95,13.48,13.95,295110.0,403736000.0,13.44,13.45,13.539999999999988,13.53,14.5,52.55,-0.13,-0.21,0.08,巨化股份,化学原料和化学制品制造业,主板,13.502499999999932,13.491249999999951,13.449166666666656,13.471250000000012,13.737872340425525
600160,2023-07-12,13.82,14.45,14.58,13.75,13.83,552617.0,791549000.0,13.69,13.56,13.579499999999987,13.56,14.44,60.1,-0.04,-0.18,0.14,巨化股份,化学原料和化学制品制造业,主板,13.83249999999993,13.574999999999951,13.544166666666655,13.53125000000001,13.727021276595739
600160,2023-07-13,14.2,14.45,14.58,14.05,14.45,414074.0,595773000.0,13.96,13.68,13.623999999999986,13.6,14.38,60.1,0.02,-0.14,0.16,巨化股份,化学原料和化学制品制造业,主板,14.169999999999929,13.681249999999952,13.61833333333332,13.58625000000001,13.719148936170207
600160,2023-07-14,14.45,14.53,14.69,14.23,14.45,364691.0,526215000.0,14.24,13.76,13.654499999999985,13.64,14.33,61.02,0.08,-0.09,0.17,巨化股份,化学原料和化学制品制造业,主板,14.314999999999927,13.827499999999953,13.713333333333319,13.63187500000001,13.712340425531908
600160,2023-07-17,14.53,14.9,15.24,14.42,14.53,401535.0,598840000.0,14.43,13.89,13.693499999999982,13.7,14.28,65.07,0.15,-0.04,0.19,巨化股份,化学原料和化学制品制造业,主板,14.582499999999929,14.042499999999954,13.854999999999988,13.73250000000001,13.721914893617013
600160,2023-07-18,14.98,14.95,15.12,14.7,14.9,266853.0,397932000.0,14.66,14.05,13.766499999999983,13.74,14.22,65.59,0.21,0.01,0.2,巨化股份,化学原料和化学制品制造业,主板,14.707499999999929,14.269999999999955,13.952499999999986,13.83500000000001,13.730425531914888
600160,2023-07-19,14.95,14.97,15.35,14.92,14.95,231169.0,349331000.0,14.76,14.23,13.836499999999983,13.77,14.16,65.81,0.26,0.06,0.2,巨化股份,化学原料和化学制品制造业,主板,14.837499999999928,14.503749999999958,14.066666666666654,13.92312500000001,13.74765957446808
600160,2023-07-20,14.98,15.26,15.5,14.98,14.97,356229.0,544403000.0,14.92,14.44,13.909499999999984,13.82,14.1,68.9,0.32,0.11,0.21,巨化股份,化学原料和化学制品制造业,主板,15.019999999999929,14.667499999999956,14.224999999999985,14.04000000000001,13.776808510638293
600160,2023-07-21,15.1,15.86,16.12,15.05,15.26,384429.0,605553000.0,15.19,14.72,14.037999999999982,13.9,14.08,74.11,0.4,0.17,0.23,巨化股份,化学原料和化学制品制造业,主板,15.259999999999929,14.921249999999956,14.448333333333318,14.206250000000011,13.815319148936167
600160,2023-07-24,15.67,15.38,15.96,15.32,15.86,254527.0,396317000.0,15.28,14.86,14.141499999999983,13.96,14.06,64.76,0.43,0.22,0.21,巨化股份,化学原料和化学制品制造业,主板,15.367499999999929,15.037499999999957,14.635833333333318,14.306250000000011,13.847446808510634
600160,2023-07-25,15.46,15.23,15.75,15.2,15.38,251791.0,387959000.0,15.34,15.0,14.224999999999984,14.03,14.05,62.12,0.44,0.26,0.18,巨化股份,化学原料和化学制品制造业,主板,15.43249999999993,15.134999999999957,14.813333333333318,14.40812500000001,13.87851063829787
600160,2023-07-26,15.23,15.35,15.54,15.2,15.23,172026.0,264655000.0,15.42,15.09,14.322999999999984,14.08,14.03,63.4,0.45,0.3,0.15,巨化股份,化学原料和化学制品制造业,主板,15.454999999999929,15.237499999999958,14.929999999999986,14.53250000000001,13.916170212765953
600160,2023-07-27,15.45,14.99,15.45,14.94,15.35,244741.0,369200000.0,15.36,15.14,14.412499999999985,14.13,14.02,57.14,0.42,0.33,0.09,巨化股份,化学原料和化学制品制造业,主板,15.23749999999993,15.248749999999959,15.026666666666651,14.64562500000001,13.946382978723399
600160,2023-07-28,15.11,15.07,15.18,14.84,14.99,234492.0,351491000.0,15.2,15.2,14.476999999999986,14.17,14.02,58.13,0.4,0.34,0.06,巨化股份,化学原料和化学制品制造业,主板,15.15999999999993,15.263749999999957,15.078333333333319,14.76687500000001,13.97170212765957
600160,2023-07-31,15.11,14.92,15.19,14.89,15.07,149345.0,224038000.0,15.11,15.2,14.542999999999987,14.2,14.02,55.54,0.36,0.34,0.02,巨化股份,化学原料和化学制品制造业,主板,15.082499999999929,15.257499999999958,15.117499999999986,14.880625000000009,13.994680851063825
600160,2023-08-01,15.0,14.69,15.0,14.64,14.92,131124.0,193587000.0,15.0,15.17,14.609499999999986,14.24,14.01,51.74,0.31,0.34,-0.03,巨化股份,化学原料和化学制品制造业,主板,14.917499999999928,15.186249999999957,15.13083333333332,14.92687500000001,14.00914893617021
600160,2023-08-02,14.65,14.61,14.76,14.37,14.69,158897.0,231075000.0,14.86,15.14,14.680999999999987,14.27,14.01,50.44,0.26,0.32,-0.06,巨化股份,化学原料和化学制品制造业,主板,14.822499999999929,15.029999999999957,15.106666666666653,14.97562500000001,14.024255319148933
600160,2023-08-03,14.53,14.92,15.0,14.48,14.61,142666.0,211506000.0,14.84,15.1,14.770499999999988,14.31,14.02,55.13,0.25,0.31,-0.06,巨化股份,化学原料和化学制品制造业,主板,14.784999999999927,14.972499999999958,15.104166666666652,15.00500000000001,14.052127659574465
600160,2023-08-04,15.0,14.74,15.11,14.74,14.92,136595.0,203679000.0,14.78,14.99,14.852499999999987,14.36,14.02,52.05,0.22,0.29,-0.07,巨化股份,化学原料和化学制品制造业,主板,14.739999999999927,14.911249999999958,15.084999999999987,15.023125000000011,14.07851063829787
600160,2023-08-07,14.7,14.86,15.0,14.6,14.74,143735.0,213122000.0,14.76,14.94,14.897999999999987,14.41,14.03,53.9,0.2,0.27,-0.07,巨化股份,化学原料和化学制品制造业,主板,14.782499999999928,14.849999999999959,15.051666666666653,15.043750000000012,14.10978723404255
600160,2023-08-08,14.86,16.35,16.35,14.76,14.86,477780.0,753940000.0,15.1,15.05,15.02399999999999,14.5,14.07,69.57,0.31,0.28,0.03,巨化股份,化学原料和化学制品制造业,主板,15.217499999999927,15.019999999999959,15.092499999999987,15.134375000000011,14.17787234042553
600160,2023-08-09,16.7,16.66,17.12,16.08,16.35,739160.0,1226270000.0,15.51,15.18,15.134499999999992,14.61,14.12,71.73,0.42,0.31,0.11,巨化股份,化学原料和化学制品制造业,主板,15.652499999999925,15.218749999999961,15.199166666666654,15.241250000000012,14.250851063829783
600160,2023-08-10,16.84,16.35,17.0,16.27,16.66,555303.0,921291000.0,15.79,15.32,15.229499999999993,14.71,14.16,66.65,0.46,0.34,0.12,巨化股份,化学原料和化学制品制造业,主板,16.054999999999925,15.39749999999996,15.292499999999988,15.327500000000013,14.304042553191486
600160,2023-08-11,16.43,16.49,16.88,16.3,16.35,318256.0,529304000.0,16.14,15.46,15.327499999999995,14.8,14.2,67.76,0.51,0.37,0.14,巨化股份,化学原料和化学制品制造业,主板,16.462499999999924,15.62249999999996,15.387499999999989,15.404375000000012,14.359148936170211
600160,2023-08-14,16.31,16.7,16.9,16.21,16.49,336756.0,558961000.0,16.51,15.64,15.417499999999995,14.91,14.26,69.4,0.56,0.41,0.15,巨化股份,化学原料和化学制品制造业,主板,16.549999999999926,15.883749999999958,15.529999999999987,15.45687500000001,14.42127659574468
600160,2023-08-15,16.67,16.48,17.03,16.3,16.7,232550.0,384827000.0,16.54,15.82,15.493999999999996,15.01,14.31,65.62,0.57,0.44,0.13,巨化股份,化学原料和化学制品制造业,主板,16.504999999999928,16.07874999999996,15.647499999999987,15.525625000000012,14.48468085106383
600160,2023-08-16,16.5,16.29,16.66,16.26,16.48,152387.0,250117000.0,16.46,15.98,15.559999999999997,15.12,14.35,62.46,0.56,0.47,0.09,巨化股份,化学原料和化学制品制造业,主板,16.48999999999993,16.272499999999958,15.761666666666654,15.591875000000014,14.54446808510638
600160,2023-08-17,16.23,16.02,16.36,15.76,16.29,178236.0,286824000.0,16.4,16.09,15.597999999999995,15.21,14.38,58.17,0.52,0.48,0.04,巨化股份,化学原料和化学制品制造业,主板,16.37249999999993,16.41749999999996,15.872499999999988,15.633750000000015,14.601489361702125
600160,2023-08-18,16.15,16.13,16.41,16.05,16.02,159649.0,259297000.0,16.32,16.23,15.611499999999996,15.31,14.42,59.39,0.5,0.48,0.02,巨化股份,化学原料和化学制品制造业,主板,16.22999999999993,16.38999999999996,15.999166666666653,15.705000000000016,14.654042553191488
600160,2023-08-21,16.07,15.94,16.36,15.9,16.13,114609.0,184085000.0,16.17,16.34,15.639499999999995,15.38,14.45,56.33,0.46,0.48,-0.02,巨化股份,化学原料和化学制品制造业,主板,16.094999999999928,16.29999999999996,16.084166666666654,15.759375000000016,14.70468085106383
600160,2023-08-22,15.9,15.86,16.01,15.55,15.94,172607.0,271975000.0,16.05,16.29,15.670999999999996,15.45,14.49,55.04,0.41,0.46,-0.05,巨化股份,化学原料和化学制品制造业,主板,15.987499999999928,16.238749999999964,16.177499999999984,15.818125000000018,14.745957446808513
600160,2023-08-23,15.87,15.61,15.9,15.59,15.86,86225.3,135797000.0,15.91,16.19,15.683999999999994,15.49,14.52,51.1,0.35,0.44,-0.09,巨化股份,化学原料和化学制品制造业,主板,15.88499999999993,16.12874999999996,16.239999999999984,15.875625000000017,14.777659574468087
600160,2023-08-24,15.61,15.45,15.75,15.34,15.61,152132.0,235370000.0,15.8,16.1,15.706999999999994,15.52,14.56,48.7,0.29,0.41,-0.12,巨化股份,化学原料和化学制品制造业,主板,15.714999999999932,15.97249999999996,16.164999999999985,15.928125000000016,14.819361702127662
600160,2023-08-25,15.43,15.46,15.65,15.28,15.45,152899.0,235862000.0,15.66,15.99,15.726499999999993,15.55,14.6,48.87,0.23,0.37,-0.14,巨化股份,化学原料和化学制品制造业,主板,15.594999999999935,15.844999999999958,16.064999999999987,15.961875000000015,14.859574468085109
600160,2023-08-28,16.28,15.36,16.28,15.33,15.46,203677.0,318089000.0,15.55,15.86,15.748499999999993,15.56,14.63,47.26,0.19,0.34,-0.15,巨化股份,化学原料和化学制品制造业,主板,15.469999999999935,15.728749999999959,15.982499999999986,16.000625000000014,14.892765957446812
600160,2023-08-29,15.2,15.82,15.98,15.12,15.36,206766.0,324539000.0,15.54,15.79,15.804999999999993,15.59,14.66,54.64,0.18,0.31,-0.13,巨化股份,化学原料和化学制品制造业,主板,15.522499999999933,15.703749999999959,15.92666666666665,16.060625000000012,14.946595744680856
600160,2023-08-30,15.81,16.02,16.15,15.59,15.82,152754.0,243086000.0,15.62,15.77,15.875499999999992,15.63,14.7,57.42,0.19,0.28,-0.09,巨化股份,化学原料和化学制品制造业,主板,15.664999999999932,15.689999999999959,15.869999999999985,16.04000000000001,15.004255319148943
600160,2023-08-31,16.02,16.39,16.55,16.02,16.02,171068.0,280183000.0,15.81,15.8,15.94899999999999,15.67,14.74,62.07,0.22,0.27,-0.05,巨化股份,化学原料和化学制品制造业,主板,15.897499999999932,15.74624999999996,15.862499999999985,16.023125000000007,15.06446808510639
600160,2023-09-01,16.4,16.08,16.45,16.01,16.39,100769.0,162902000.0,15.93,15.8,16.015999999999988,15.67,14.79,56.51,0.22,0.26,-0.04,巨化股份,化学原料和化学制品制造业,主板,16.077499999999933,15.773749999999959,15.844999999999986,16.006250000000005,15.121702127659582
600160,2023-09-04,16.16,16.5,16.81,16.12,16.08,152244.0,251822000.0,16.16,15.86,16.09799999999999,15.71,14.84,61.54,0.26,0.26,0.0,巨化股份,化学原料和化学制品制造业,主板,16.24749999999993,15.884999999999957,15.884999999999986,16.006875000000004,15.191914893617028
600160,2023-09-05,16.5,16.28,16.5,16.17,16.5,98493.4,160524000.0,16.25,15.9,16.09449999999999,15.75,14.89,57.77,0.26,0.26,0.0,巨化股份,化学原料和化学制品制造业,主板,16.312499999999932,15.988749999999959,15.897499999999987,15.980625000000007,15.24510638297873
600160,2023-09-06,16.21,16.04,16.21,15.81,16.28,168617.0,270077000.0,16.26,15.94,16.063499999999987,15.77,14.93,53.89,0.24,0.26,-0.02,巨化股份,化学原料和化学制品制造业,主板,16.224999999999934,16.06124999999996,15.90583333333332,15.953125000000009,15.29702127659575
600160,2023-09-07,16.05,16.02,16.2,15.92,16.04,97069.4,155795000.0,16.18,16.0,16.046999999999986,15.8,14.97,53.57,0.22,0.25,-0.03,巨化股份,化学原料和化学制品制造业,主板,16.209999999999933,16.14374999999996,15.919166666666655,15.93625000000001,15.3536170212766
600160,2023-09-08,15.98,16.02,16.16,15.72,16.02,93636.5,149400000.0,16.17,16.05,16.023499999999984,15.84,15.0,53.57,0.2,0.24,-0.04,巨化股份,化学原料和化学制品制造业,主板,16.089999999999932,16.168749999999964,15.953333333333324,15.93625000000001,15.414042553191495
600160,2023-09-11,16.18,16.16,16.4,16.01,16.02,98149.3,159007000.0,16.1,16.13,15.996499999999987,15.88,15.04,55.72,0.19,0.23,-0.04,巨化股份,化学原料和化学制品制造业,主板,16.05999999999993,16.186249999999962,16.012499999999992,15.93812500000001,15.478510638297877
600160,2023-09-12,16.12,16.65,16.76,16.05,16.16,172358.0,284452000.0,16.18,16.22,16.004999999999985,15.94,15.09,62.3,0.24,0.23,0.01,巨化股份,化学原料和化学制品制造业,主板,16.212499999999935,16.218749999999964,16.111666666666657,15.982500000000009,15.554042553191493
600160,2023-09-13,16.67,15.85,16.88,15.7,16.65,252033.0,406077000.0,16.14,16.2,15.982999999999985,15.98,15.13,49.39,0.19,0.22,-0.03,巨化股份,化学原料和化学制品制造业,主板,16.169999999999934,16.189999999999962,16.15249999999999,15.98187500000001,15.594468085106387
600160,2023-09-14,15.86,16.0,16.04,15.79,15.85,106694.0,169925000.0,16.14,16.16,15.981999999999985,16.02,15.16,51.42,0.16,0.21,-0.05,巨化股份,化学原料和化学制品制造业,主板,16.164999999999935,16.127499999999962,16.16749999999999,16.00625000000001,15.640638297872343
600160,2023-09-15,16.07,15.49,16.09,15.16,16.0,224315.0,348161000.0,16.03,16.1,15.949999999999985,16.04,15.2,44.83,0.11,0.19,-0.08,巨化股份,化学原料和化学制品制造业,主板,15.997499999999935,16.028749999999963,16.123333333333324,16.00875000000001,15.66276595744681
600160,2023-09-18,15.46,15.67,15.76,15.25,15.49,112754.0,174486000.0,15.93,16.02,15.936499999999986,16.07,15.24,47.39,0.07,0.17,-0.1,巨化股份,化学原料和化学制品制造业,主板,15.752499999999936,15.982499999999963,16.063333333333322,16.021875000000012,15.688723404255319
600160,2023-09-19,15.64,15.6,15.91,15.36,15.67,137113.0,213883000.0,15.72,15.95,15.923499999999986,16.05,15.27,46.49,0.04,0.14,-0.1,巨化股份,化学原料和化学制品制造业,主板,15.689999999999936,15.929999999999962,16.023333333333323,16.036875000000013,15.711489361702128
600160,2023-09-20,15.61,15.87,16.14,15.52,15.6,152838.0,242677000.0,15.73,15.93,15.936499999999986,16.02,15.31,50.42,0.04,0.12,-0.08,巨化股份,化学原料和化学制品制造业,主板,15.657499999999935,15.911249999999962,15.970833333333323,16.040000000000013,15.73212765957447
600160,2023-09-21,15.74,15.35,15.86,15.3,15.87,102161.0,158373000.0,15.6,15.87,15.93149999999999,15.99,15.35,43.75,-0.01,0.09,-0.1,巨化股份,化学原料和化学制品制造业,主板,15.622499999999933,15.809999999999963,15.893333333333322,15.998125000000014,15.740638297872342
600160,2023-09-22,15.25,14.82,15.43,14.67,15.35,268874.0,402328000.0,15.46,15.75,15.899499999999989,15.93,15.37,38.21,-0.09,0.06,-0.15,巨化股份,化学原料和化学制品制造业,主板,15.409999999999933,15.581249999999962,15.791666666666655,15.900000000000016,15.73744680851064
600160,2023-09-25,14.83,14.89,15.06,14.78,14.82,110374.0,164588000.0,15.31,15.62,15.875999999999987,15.87,15.39,39.3,-0.14,0.02,-0.16,巨化股份,化学原料和化学制品制造业,主板,15.232499999999932,15.46124999999996,15.69749999999999,15.825625000000016,15.729574468085108
600160,2023-09-26,14.84,15.24,15.4,14.71,14.89,135933.0,205604000.0,15.23,15.48,15.846999999999989,15.83,15.42,44.59,-0.15,-0.02,-0.13,巨化股份,化学原料和化学制品制造业,主板,15.074999999999934,15.366249999999962,15.632499999999988,15.746875000000017,15.716382978723406
600160,2023-09-27,15.25,15.28,15.47,15.16,15.24,86623.2,132673000.0,15.12,15.42,15.809999999999988,15.8,15.46,45.17,-0.16,-0.04,-0.12,巨化股份,化学原料和化学制品制造业,主板,15.057499999999932,15.339999999999963,15.559166666666655,15.684375000000015,15.714255319148938
600160,2023-09-28,15.28,15.22,15.53,15.15,15.28,75059.1,114816000.0,15.09,15.34,15.75149999999999,15.77,15.49,44.41,-0.17,-0.07,-0.1,巨化股份,化学原料和化学制品制造业,主板,15.157499999999933,15.283749999999964,15.439999999999989,15.633125000000016,15.71404255319149
600160,2023-10-09,15.23,15.55,15.95,15.23,15.22,123486.0,193501000.0,15.24,15.35,15.72499999999999,15.75,15.53,49.45,-0.15,-0.09,-0.06,巨化股份,化学原料和化学制品制造业,主板,15.322499999999934,15.277499999999964,15.41499999999999,15.603750000000014,15.718297872340425
600160,2023-10-10,15.56,15.4,15.64,15.36,15.55,64608.1,99961600.0,15.34,15.32,15.669999999999991,15.73,15.56,47.35,-0.14,-0.1,-0.04,巨化股份,化学原料和化学制品制造业,主板,15.362499999999935,15.218749999999964,15.36499999999999,15.565000000000014,15.727021276595744
600160,2023-10-11,15.42,15.12,15.49,15.11,15.4,83793.4,127410000.0,15.31,15.27,15.61199999999999,15.71,15.58,43.62,-0.15,-0.11,-0.04,巨化股份,化学原料和化学制品制造业,主板,15.322499999999934,15.189999999999966,15.334166666666656,15.500000000000012,15.728085106382977
600160,2023-10-12,15.25,15.35,15.54,15.16,15.12,75812.7,116344000.0,15.33,15.22,15.57749999999999,15.7,15.59,47.29,-0.14,-0.11,-0.03,巨化股份,化学原料和化学制品制造业,主板,15.354999999999933,15.256249999999966,15.30749999999999,15.418750000000012,15.73723404255319
600160,2023-10-13,15.22,14.9,15.23,14.87,15.35,105212.0,157536000.0,15.26,15.18,15.521499999999989,15.68,15.6,41.59,-0.17,-0.12,-0.05,巨化股份,化学原料和化学制品制造业,主板,15.192499999999935,15.257499999999967,15.249166666666659,15.359375000000012,15.741702127659572
600160,2023-10-16,14.89,14.62,14.94,14.29,14.9,152109.0,221013000.0,15.08,15.16,15.45149999999999,15.65,15.6,38.48,-0.21,-0.14,-0.07,巨化股份,化学原料和化学制品制造业,主板,14.997499999999937,15.179999999999966,15.14499999999999,15.273125000000011,15.741914893617018
600160,2023-10-17,14.71,14.65,14.71,14.36,14.62,76522.8,111340000.0,14.93,15.13,15.375999999999987,15.63,15.6,39.01,-0.24,-0.16,-0.08,巨化股份,化学原料和化学制品制造业,主板,14.879999999999937,15.101249999999965,15.086666666666659,15.220625000000009,15.736170212765956
600160,2023-10-18,14.58,14.35,14.63,14.33,14.65,57566.1,83049200.0,14.77,15.04,15.26099999999999,15.58,15.59,35.72,-0.28,-0.19,-0.09,巨化股份,化学原料和化学制品制造业,主板,14.629999999999937,14.992499999999964,15.047499999999992,15.138125000000011,15.727872340425531
600160,2023-10-19,14.3,14.22,14.45,14.2,14.35,64192.6,91833000.0,14.55,14.94,15.17949999999999,15.52,15.57,34.36,-0.32,-0.21,-0.11,巨化股份,化学原料和化学制品制造业,主板,14.459999999999939,14.826249999999964,14.99166666666666,15.051875000000011,15.714255319148934
600160,2023-10-20,14.2,14.28,14.41,14.02,14.22,79341.9,113319000.0,14.42,14.84,15.093499999999988,15.45,15.56,35.58,-0.35,-0.24,-0.11,巨化股份,化学原料和化学制品制造业,主板,14.374999999999938,14.686249999999962,14.91166666666666,14.952500000000011,15.670212765957444
600160,2023-10-23,14.17,13.9,14.29,13.82,14.28,82290.2,115665000.0,14.28,14.68,15.013999999999987,15.38,15.53,31.59,-0.39,-0.27,-0.12,巨化股份,化学原料和化学制品制造业,主板,14.187499999999938,14.533749999999962,14.79666666666666,14.861875000000012,15.611489361702125
600160,2023-10-24,13.93,13.98,14.22,13.9,13.9,87367.6,122744000.0,14.15,14.54,14.929499999999987,15.29,15.5,33.29,-0.42,-0.3,-0.12,巨化股份,化学原料和化学制品制造业,主板,14.094999999999937,14.362499999999962,14.693333333333326,14.809375000000012,15.561063829787232
600160,2023-10-25,14.16,14.27,14.58,14.16,13.98,91546.3,131646000.0,14.13,14.45,14.862999999999985,15.23,15.49,39.16,-0.41,-0.32,-0.09,巨化股份,化学原料和化学制品制造业,主板,14.107499999999938,14.283749999999962,14.586666666666659,14.770625000000013,15.51382978723404
600160,2023-10-26,14.21,14.03,14.21,13.8,14.27,104652.0,146101000.0,14.09,14.32,14.770999999999983,15.16,15.46,36.31,-0.42,-0.34,-0.08,巨化股份,化学原料和化学制品制造业,主板,14.044999999999938,14.209999999999962,14.472499999999991,14.695000000000013,15.457021276595741
600160,2023-10-27,14.04,14.76,14.85,13.96,14.03,203723.0,296801000.0,14.19,14.31,14.741499999999983,15.12,15.46,48.58,-0.36,-0.35,-0.01,巨化股份,化学原料和化学制品制造业,主板,14.25999999999994,14.22374999999996,14.44249999999999,14.662500000000012,15.420425531914889
600160,2023-10-30,14.74,15.01,15.2,14.65,14.76,143488.0,214498000.0,14.41,14.35,14.750999999999982,15.08,15.46,51.99,-0.29,-0.33,0.04,巨化股份,化学原料和化学制品制造业,主板,14.517499999999938,14.30624999999996,14.414166666666658,14.649375000000012,15.393191489361698
600160,2023-10-31,14.99,15.15,15.22,14.93,15.01,83456.7,125878000.0,14.64,14.4,14.763999999999982,15.05,15.46,53.83,-0.23,-0.31,0.08,巨化股份,化学原料和化学制品制造业,主板,14.73749999999994,14.42249999999996,14.43499999999999,14.624375000000011,15.374680851063825
600160,2023-11-01,15.24,14.97,15.24,14.85,15.15,75669.6,113289000.0,14.78,14.46,14.750499999999983,14.99,15.47,51.11,-0.18,-0.29,0.11,巨化股份,化学原料和化学制品制造业,主板,14.97249999999994,14.50874999999996,14.464166666666657,14.59750000000001,15.349999999999996
600160,2023-11-02,15.0,14.8,15.09,14.77,14.97,58033.9,86317800.0,14.94,14.52,14.726499999999984,14.96,15.47,48.61,-0.16,-0.26,0.1,巨化股份,化学原料和化学制品制造业,主板,14.98249999999994,14.62124999999996,14.476666666666658,14.577500000000011,15.325744680851058
600160,2023-11-03,14.8,15.04,15.17,14.73,14.8,110362.0,165653000.0,14.99,14.59,14.717499999999983,14.93,15.47,52.17,-0.12,-0.23,0.11,巨化股份,化学原料和化学制品制造业,主板,14.98999999999994,14.75374999999996,14.534166666666657,14.558125000000011,15.308297872340418
600160,2023-11-06,15.11,15.11,15.35,15.05,15.04,95999.5,145829000.0,15.01,14.71,14.695499999999985,14.91,15.48,53.19,-0.09,-0.2,0.11,巨化股份,化学原料和化学制品制造业,主板,14.979999999999942,14.85874999999996,14.608333333333322,14.571250000000012,15.297659574468078
600160,2023-11-07,15.13,15.2,15.33,14.98,15.11,75049.5,113687000.0,15.02,14.83,14.685499999999985,14.9,15.48,54.52,-0.05,-0.17,0.12,巨化股份,化学原料和化学制品制造业,主板,15.037499999999941,15.00499999999996,14.684999999999988,14.60750000000001,15.292340425531908
600160,2023-11-08,15.17,14.9,15.21,14.82,15.2,92700.0,139114000.0,15.01,14.9,14.674499999999984,14.87,15.46,49.45,-0.05,-0.15,0.1,巨化股份,化学原料和化学制品制造业,主板,15.062499999999943,15.02249999999996,14.768333333333322,14.62312500000001,15.280425531914885
600160,2023-11-09,14.9,14.85,15.06,14.82,14.9,81630.6,121886000.0,15.02,14.98,14.649499999999984,14.84,15.43,48.63,-0.04,-0.13,0.09,巨化股份,化学原料和化学制品制造业,主板,15.014999999999942,15.00249999999996,14.840833333333322,14.65437500000001,15.269574468085098
600160,2023-11-10,14.81,14.72,14.85,14.65,14.85,70445.3,103772000.0,14.96,14.98,14.640499999999985,14.82,15.4,46.49,-0.05,-0.11,0.06,巨化股份,化学原料和化学制品制造业,主板,14.917499999999944,14.948749999999961,14.878333333333321,14.68562500000001,15.246170212765948
600160,2023-11-13,14.75,14.76,14.84,14.56,14.72,77593.7,113779000.0,14.89,14.95,14.647499999999985,14.82,15.37,47.26,-0.05,-0.1,0.05,巨化股份,化学原料和化学制品制造业,主板,14.807499999999944,14.92249999999996,14.939166666666653,14.71562500000001,15.219361702127651
600160,2023-11-14,14.77,14.84,15.05,14.68,14.76,73485.3,109419000.0,14.81,14.92,14.656999999999986,14.82,15.34,48.85,-0.05,-0.09,0.04,巨化股份,化学原料和化学制品制造业,主板,14.792499999999945,14.927499999999961,14.94583333333332,14.77437500000001,15.186382978723397
600160,2023-11-15,14.95,15.39,15.69,14.92,14.84,225185.0,345789000.0,14.91,14.96,14.708999999999984,14.82,15.32,58.15,-0.01,-0.07,0.06,巨化股份,化学原料和化学制品制造业,主板,14.927499999999943,14.971249999999962,14.977499999999987,14.86250000000001,15.171702127659566
600160,2023-11-16,15.33,15.05,15.33,15.02,15.39,131635.0,199268000.0,14.95,14.99,14.750499999999983,14.81,15.3,51.87,0.0,-0.06,0.06,巨化股份,化学原料和化学制品制造业,主板,15.009999999999945,14.963749999999964,14.969166666666654,14.91125000000001,15.140851063829778
600160,2023-11-17,15.03,15.05,15.23,14.93,15.05,71053.4,107064000.0,15.02,14.99,14.788999999999984,14.81,15.29,51.87,0.02,-0.04,0.06,巨化股份,化学原料和化学制品制造业,主板,15.082499999999945,14.944999999999963,14.975833333333322,14.97500000000001,15.11468085106382
600160,2023-11-20,15.09,15.2,15.28,14.97,15.05,96449.0,145696000.0,15.11,15.0,14.853999999999985,14.8,15.27,54.39,0.04,-0.03,0.07,巨化股份,化学原料和化学制品制造业,主板,15.172499999999943,14.982499999999963,15.009166666666653,15.00250000000001,15.09680851063829
600160,2023-11-21,15.2,15.47,15.6,15.11,15.2,137028.0,211554000.0,15.23,15.02,14.928499999999985,14.8,15.26,58.59,0.07,-0.01,0.08,巨化股份,化学原料和化学制品制造业,主板,15.192499999999942,15.059999999999963,15.044999999999987,15.03125000000001,15.085106382978717
600160,2023-11-22,15.38,15.3,15.51,15.22,15.47,84106.1,129220000.0,15.21,15.06,14.979999999999986,14.8,15.26,55.15,0.08,0.01,0.07,巨化股份,化学原料和化学制品制造业,主板,15.254999999999942,15.132499999999965,15.06083333333332,15.040625000000011,15.069787234042545
600160,2023-11-23,15.66,16.2,16.44,15.66,15.3,337981.0,546837000.0,15.44,15.2,15.088499999999987,14.83,15.27,66.41,0.16,0.04,0.12,巨化股份,化学原料和化学制品制造业,主板,15.542499999999944,15.312499999999963,15.144166666666655,15.117500000000012,15.070638297872334
600160,2023-11-24,16.26,16.17,16.59,16.0,16.2,200766.0,326178000.0,15.67,15.34,15.158999999999988,14.87,15.28,65.82,0.22,0.08,0.14,巨化股份,化学原料和化学制品制造业,主板,15.784999999999943,15.478749999999962,15.249999999999988,15.20312500000001,15.060425531914888
600160,2023-11-27,16.34,16.1,16.34,15.85,16.17,105426.0,169208000.0,15.85,15.48,15.213499999999991,14.92,15.29,64.37,0.26,0.11,0.15,巨化股份,化学原料和化学制品制造业,主板,15.942499999999946,15.567499999999962,15.354166666666655,15.269375000000013,15.065744680851058
600160,2023-11-28,16.25,16.16,16.35,16.02,16.1,129052.0,208575000.0,15.99,15.61,15.263999999999992,14.97,15.3,65.08,0.3,0.15,0.15,巨化股份,化学原料和化学制品制造业,主板,16.157499999999946,15.706249999999963,15.474166666666655,15.335000000000012,15.069148936170205
600160,2023-11-29,16.16,16.18,16.5,16.1,16.16,148489.0,242015000.0,16.16,15.69,15.324499999999992,15.04,15.31,65.33,0.31,0.18,0.13,巨化股份,化学原料和化学制品制造业,主板,16.152499999999943,15.847499999999963,15.592499999999989,15.396250000000013,15.083829787234034
600160,2023-11-30,16.2,15.89,16.22,15.81,16.18,114494.0,182367000.0,16.1,15.77,15.37899999999999,15.09,15.31,58.82,0.31,0.21,0.1,巨化股份,化学原料和化学制品制造业,主板,16.082499999999943,15.933749999999963,15.67999999999999,15.458125000000011,15.088510638297864
600160,2023-12-01,15.91,15.87,15.91,15.67,15.89,112732.0,178075000.0,16.04,15.85,15.42049999999999,15.14,15.3,58.39,0.29,0.22,0.07,巨化股份,化学原料和化学制品制造业,主板,16.02499999999994,15.983749999999961,15.71999999999999,15.52187500000001,15.094255319148928
600160,2023-12-04,15.89,16.06,16.29,15.87,15.87,109749.0,176556000.0,16.03,15.94,15.46799999999999,15.22,15.3,61.3,0.3,0.24,0.06,巨化股份,化学原料和化学制品制造业,主板,15.999999999999943,16.07874999999996,15.804166666666655,15.605625000000009,15.098297872340416
600160,2023-12-05,16.06,15.76,16.24,15.72,16.06,113174.0,180490000.0,15.95,15.97,15.49599999999999,15.28,15.28,54.79,0.27,0.25,0.02,巨化股份,化学原料和化学制品制造业,主板,15.894999999999945,16.02374999999996,15.86333333333332,15.66812500000001,15.107021276595734
600160,2023-12-06,16.54,16.14,16.69,15.97,15.76,219025.0,355451000.0,15.94,16.05,15.55799999999999,15.34,15.28,60.51,0.28,0.25,0.03,巨化股份,化学原料和化学制品制造业,主板,15.957499999999943,16.01999999999996,15.941666666666654,15.74937500000001,15.135106382978712
600160,2023-12-07,16.1,16.21,16.35,16.07,16.14,128506.0,208561000.0,16.01,16.05,15.625999999999987,15.41,15.28,61.48,0.29,0.26,0.03,巨化股份,化学原料和化学制品制造业,主板,16.04249999999994,16.033749999999962,16.00333333333332,15.80062500000001,15.163191489361692
600160,2023-12-08,16.15,16.11,16.3,16.02,16.21,111919.0,180777000.0,16.06,16.05,15.695499999999987,15.46,15.29,59.24,0.28,0.26,0.02,巨化股份,化学原料和化学制品制造业,主板,16.05499999999994,16.027499999999964,16.070833333333322,15.866875000000011,15.181702127659564
600160,2023-12-11,16.0,16.5,16.59,15.88,16.11,175194.0,285925000.0,16.14,16.09,15.782499999999988,15.5,15.29,64.64,0.31,0.27,0.04,巨化股份,化学原料和化学制品制造业,主板,16.239999999999938,16.067499999999963,16.09583333333332,15.95750000000001,15.207659574468074
600160,2023-12-12,16.46,16.92,17.09,16.39,16.5,248356.0,418121000.0,16.38,16.16,15.88649999999999,15.56,15.31,69.34,0.36,0.29,0.07,巨化股份,化学原料和化学制品制造业,主板,16.43499999999994,16.196249999999964,16.15833333333332,16.065000000000012,15.24382978723403
600160,2023-12-13,16.88,16.69,17.08,16.52,16.92,164566.0,276049000.0,16.49,16.22,15.95149999999999,15.62,15.31,64.3,0.37,0.31,0.06,巨化股份,化学原料和化学制品制造业,主板,16.554999999999936,16.298749999999963,16.20749999999999,16.14125000000001,15.26808510638297
600160,2023-12-14,16.69,16.88,17.13,16.61,16.69,198338.0,336550000.0,16.62,16.31,16.04299999999999,15.69,15.32,66.47,0.4,0.33,0.07,巨化股份,化学原料和化学制品制造业,主板,16.747499999999935,16.401249999999962,16.267499999999988,16.24000000000001,15.299574468085098
600160,2023-12-15,16.86,16.73,17.06,16.69,16.88,104949.0,176420000.0,16.74,16.4,16.12699999999999,15.75,15.34,63.2,0.4,0.34,0.06,巨化股份,化学原料和化学制品制造业,主板,16.804999999999936,16.52249999999996,16.313333333333322,16.27312500000001,15.333829787234034
600160,2023-12-18,16.67,16.51,16.78,16.4,16.73,132664.0,219690000.0,16.75,16.44,16.19249999999999,15.79,15.35,58.65,0.38,0.35,0.03,巨化股份,化学原料和化学制品制造业,主板,16.702499999999937,16.56874999999996,16.364999999999984,16.29437500000001,15.358510638297863
600160,2023-12-19,16.48,16.51,16.73,16.3,16.51,119277.0,196690000.0,16.66,16.52,16.244499999999988,15.84,15.37,58.65,0.36,0.35,0.01,巨化股份,化学原料和化学制品制造业,主板,16.65749999999994,16.606249999999957,16.41833333333332,16.320000000000007,15.3927659574468
600160,2023-12-20,16.53,16.51,16.77,16.44,16.51,118447.0,196354000.0,16.63,16.56,16.304999999999986,15.89,15.38,58.65,0.33,0.35,-0.02,巨化股份,化学原料和化学制品制造业,主板,16.56499999999994,16.656249999999957,16.455833333333317,16.341875000000005,15.432978723404245
600160,2023-12-21,16.38,16.45,16.49,16.1,16.51,127499.0,208069000.0,16.54,16.58,16.31749999999999,15.94,15.39,57.24,0.31,0.34,-0.03,巨化股份,化学原料和化学制品制造业,主板,16.49499999999994,16.649999999999956,16.513333333333318,16.358750000000004,15.471276595744673
600160,2023-12-22,16.44,16.36,16.45,16.14,16.45,113546.0,184769000.0,16.47,16.61,16.326999999999988,16.0,15.41,55.11,0.28,0.33,-0.05,巨化股份,化学原料和化学制品制造业,主板,16.45749999999994,16.579999999999956,16.531666666666652,16.388125000000006,15.514042553191482
600160,2023-12-25,16.25,16.18,16.37,16.08,16.36,77706.2,125937000.0,16.4,16.57,16.330999999999985,16.05,15.43,51.02,0.24,0.31,-0.07,巨化股份,化学原料和化学制品制造业,主板,16.37499999999994,16.516249999999957,16.52916666666665,16.407500000000006,15.555744680851054
600160,2023-12-26,16.25,16.02,16.42,15.93,16.18,88831.4,143138000.0,16.3,16.48,16.323999999999984,16.09,15.45,47.64,0.2,0.29,-0.09,巨化股份,化学原料和化学制品制造业,主板,16.252499999999937,16.40874999999996,16.52166666666665,16.405000000000005,15.5927659574468
600160,2023-12-27,16.07,16.24,16.36,15.8,16.02,135580.0,218983000.0,16.25,16.44,16.326999999999984,16.11,15.47,52.32,0.17,0.26,-0.09,巨化股份,化学原料和化学制品制造业,主板,16.199999999999935,16.34749999999996,16.499999999999986,16.435000000000006,15.642553191489354
600160,2023-12-28,16.28,16.41,16.54,16.2,16.24,165856.0,271548000.0,16.24,16.39,16.352999999999987,16.16,15.49,55.62,0.16,0.24,-0.08,巨化股份,化学原料和化学制品制造业,主板,16.212499999999935,16.33499999999996,16.457499999999985,16.45187500000001,15.694255319148926
600160,2023-12-29,16.37,16.49,16.59,16.08,16.41,119267.0,195068000.0,16.27,16.37,16.383999999999986,16.21,15.51,57.13,0.17,0.23,-0.06,巨化股份,化学原料和化学制品制造业,主板,16.289999999999935,16.332499999999964,16.44083333333332,16.46937500000001,15.741489361702119
600160,2024-01-02,16.5,16.2,16.68,16.12,16.49,157085.0,257295000.0,16.27,16.34,16.390999999999984,16.24,15.52,50.45,0.14,0.21,-0.07,巨化股份,化学原料和化学制品制造业,主板,16.334999999999937,16.293749999999964,16.384166666666655,16.47500000000001,15.787659574468078
600160,2024-01-03,16.16,16.25,16.38,16.07,16.2,135539.0,219668000.0,16.32,16.31,16.415499999999987,16.27,15.53,51.5,0.12,0.19,-0.07,巨化股份,化学原料和化学制品制造业,主板,16.337499999999938,16.268749999999965,16.344166666666656,16.45937500000001,15.819361702127653
600160,2024-01-04,16.24,16.39,16.58,16.11,16.25,240436.0,393984000.0,16.35,16.3,16.427999999999987,16.3,15.55,54.42,0.12,0.18,-0.06,巨化股份,化学原料和化学制品制造业,主板,16.33249999999994,16.272499999999965,16.334166666666658,16.426250000000007,15.848723404255312
600160,2024-01-05,16.48,16.7,17.34,16.45,16.39,320069.0,541574000.0,16.41,16.32,16.452499999999986,16.32,15.58,60.15,0.14,0.17,-0.03,巨化股份,化学原料和化学制品制造业,主板,16.38499999999994,16.337499999999963,16.34999999999999,16.426875000000006,15.881702127659569
600160,2024-01-08,16.98,16.75,17.02,16.62,16.7,306544.0,516362000.0,16.46,16.36,16.484499999999986,16.34,15.61,61.0,0.16,0.17,-0.01,巨化股份,化学原料和化学制品制造业,主板,16.52249999999994,16.42874999999996,16.36999999999999,16.418750000000006,15.9195744680851
600160,2024-01-09,16.74,16.25,16.85,16.13,16.75,230963.0,380038000.0,16.47,16.37,16.471999999999987,16.34,15.63,49.6,0.13,0.16,-0.03,巨化股份,化学原料和化学制品制造业,主板,16.52249999999994,16.42999999999996,16.353333333333325,16.388750000000005,15.950425531914888
600160,2024-01-10,16.12,15.99,16.35,15.83,16.25,153518.0,246808000.0,16.42,16.37,16.425499999999985,16.34,15.66,44.9,0.09,0.15,-0.06,巨化股份,化学原料和化学制品制造业,主板,16.42249999999994,16.377499999999962,16.32249999999999,16.356250000000006,15.970638297872336
600160,2024-01-11,15.88,15.91,16.17,15.55,15.99,142836.0,226815000.0,16.32,16.33,16.386499999999987,16.33,15.68,43.53,0.05,0.13,-0.08,巨化股份,化学原料和化学制品制造业,主板,16.224999999999937,16.30499999999996,16.29999999999999,16.31875000000001,15.98765957446808
600160,2024-01-12,16.21,15.85,16.6,15.8,15.91,195294.0,316876000.0,16.15,16.28,16.334999999999987,16.33,15.71,42.48,0.0,0.1,-0.1,巨化股份,化学原料和化学制品制造业,主板,15.999999999999936,16.26124999999996,16.285833333333322,16.27750000000001,16.00148936170212
600160,2024-01-15,15.86,15.59,15.92,15.46,15.85,161834.0,253689000.0,15.92,16.19,16.277999999999984,16.32,15.73,38.21,-0.04,0.07,-0.11,巨化股份,化学原料和化学制品制造业,主板,15.834999999999937,16.17874999999996,16.231666666666655,16.22375000000001,16.016170212765953
600160,2024-01-16,15.58,15.68,15.78,15.35,15.59,134736.0,209669000.0,15.8,16.14,16.236499999999985,16.31,15.76,40.44,-0.07,0.04,-0.11,巨化股份,化学原料和化学制品制造业,主板,15.757499999999938,16.08999999999996,16.170833333333324,16.18125000000001,16.033829787234037
600160,2024-01-17,15.63,15.35,15.8,15.3,15.68,106056.0,165088000.0,15.68,16.05,16.17849999999999,16.29,15.78,35.39,-0.13,0.01,-0.14,巨化股份,化学原料和化学制品制造业,主板,15.61749999999994,15.92124999999996,16.07583333333332,16.12937500000001,16.047234042553185
600160,2024-01-18,15.2,15.54,15.58,14.78,15.35,208740.0,315509000.0,15.6,15.96,16.12999999999999,16.27,15.8,40.03,-0.15,-0.02,-0.13,巨化股份,化学原料和化学制品制造业,主板,15.53999999999994,15.76999999999996,16.02083333333332,16.099375000000013,16.063829787234035
600160,2024-01-19,15.5,15.43,15.68,15.25,15.54,87480.3,135143000.0,15.52,15.83,16.07899999999999,16.25,15.83,38.32,-0.17,-0.05,-0.12,巨化股份,化学原料和化学制品制造业,主板,15.49999999999994,15.667499999999961,15.952499999999988,16.048750000000013,16.076382978723395
600160,2024-01-22,15.36,14.65,15.42,14.48,15.43,156130.0,232838000.0,15.33,15.62,15.993499999999989,16.2,15.83,28.86,-0.26,-0.09,-0.17,巨化股份,化学原料和化学制品制造业,主板,15.242499999999941,15.499999999999963,15.80749999999999,15.938750000000011,16.06063829787233
600160,2024-01-23,14.68,15.01,15.12,14.35,14.65,151572.0,224227000.0,15.2,15.5,15.934999999999988,16.15,15.83,36.63,-0.28,-0.13,-0.15,巨化股份,化学原料和化学制品制造业,主板,15.15749999999994,15.387499999999964,15.666666666666657,15.846250000000012,16.059787234042545
600160,2024-01-24,15.1,15.48,15.54,14.92,15.01,173472.0,264758000.0,15.22,15.45,15.90799999999999,16.1,15.83,45.07,-0.27,-0.16,-0.11,巨化股份,化学原料和化学制品制造业,主板,15.14249999999994,15.341249999999963,15.560833333333322,15.801250000000014,16.06893617021276
600160,2024-01-25,15.63,16.0,16.0,15.51,15.48,152381.0,241252000.0,15.31,15.46,15.89599999999999,16.08,15.85,52.6,-0.21,-0.17,-0.04,巨化股份,化学原料和化学制品制造业,主板,15.284999999999942,15.392499999999963,15.53999999999999,15.785625000000014,16.085957446808504
600160,2024-01-26,15.94,15.77,16.03,15.7,16.0,104141.0,164710000.0,15.38,15.45,15.863999999999987,16.04,15.87,49.37,-0.18,-0.17,-0.01,巨化股份,化学原料和化学制品制造业,主板,15.564999999999943,15.403749999999963,15.521666666666656,15.746875000000014,16.092340425531905
600160,2024-01-29,15.8,15.89,16.33,15.8,15.77,180006.0,289276000.0,15.63,15.48,15.833999999999985,16.01,15.88,51.06,-0.14,-0.16,0.02,巨化股份,化学原料和化学制品制造业,主板,15.784999999999945,15.471249999999966,15.519999999999989,15.696250000000013,16.10489361702127
600160,2024-01-30,15.85,16.07,16.38,15.7,15.89,178534.0,288572000.0,15.84,15.52,15.827499999999986,16.0,15.9,53.56,-0.1,-0.15,0.05,巨化股份,化学原料和化学制品制造业,主板,15.932499999999944,15.537499999999966,15.538333333333322,15.653750000000013,16.10212765957446
600160,2024-01-31,16.01,15.95,16.15,15.67,16.07,157975.0,251886000.0,15.94,15.58,15.812499999999986,15.98,15.91,51.66,-0.08,-0.14,0.06,巨化股份,化学原料和化学制品制造业,主板,15.919999999999945,15.602499999999964,15.568333333333321,15.635000000000012,16.097446808510632
600160,2024-02-01,15.85,15.92,16.22,15.62,15.95,135653.0,216316000.0,15.92,15.62,15.788999999999987,15.96,15.92,51.18,-0.06,-0.12,0.06,巨化股份,化学原料和化学制品制造业,主板,15.957499999999946,15.761249999999961,15.588333333333319,15.630625000000013,16.09361702127659
600160,2024-02-02,15.95,15.52,16.01,15.1,15.92,190949.0,297989000.0,15.87,15.63,15.729999999999986,15.93,15.94,45.08,-0.07,-0.11,0.04,巨化股份,化学原料和化学制品制造业,主板,15.864999999999945,15.824999999999962,15.602499999999987,15.606250000000012,16.07999999999999
600160,2024-02-05,15.35,15.94,16.0,14.82,15.52,233124.0,361386000.0,15.88,15.76,15.689499999999986,15.91,15.96,51.6,-0.05,-0.1,0.05,巨化股份,化学原料和化学制品制造业,主板,15.832499999999945,15.882499999999963,15.635833333333322,15.611875000000014,16.07489361702127
600160,2024-02-06,15.71,16.72,16.77,15.66,15.94,236673.0,387029000.0,16.01,15.93,15.712999999999989,15.93,15.99,60.89,0.02,-0.08,0.1,巨化股份,化学原料和化学制品制造业,主板,16.024999999999945,15.972499999999961,15.74333333333332,15.682500000000013,16.09255319148936
600160,2024-02-07,16.72,17.98,18.1,16.63,16.72,482306.0,844923000.0,16.42,16.18,15.81249999999999,16.0,16.04,70.68,0.19,-0.02,0.21,巨化股份,化学原料和化学制品制造业,主板,16.539999999999946,16.24874999999996,16.020833333333318,15.826250000000012,16.137446808510635
600160,2024-02-08,18.25,17.85,18.88,17.65,17.98,496349.0,911825000.0,16.8,16.36,15.909499999999989,16.05,16.08,68.76,0.31,0.04,0.27,巨化股份,化学原料和化学制品制造业,主板,17.12249999999995,16.493749999999956,16.257499999999986,15.982500000000014,16.175531914893615
600160,2024-02-19,18.56,18.39,18.58,18.1,17.85,377931.0,691833000.0,17.38,16.62,16.036499999999986,16.12,16.14,72.14,0.43,0.12,0.31,巨化股份,化学原料和化学制品制造业,主板,17.73499999999995,16.783749999999955,16.49999999999999,16.160625000000014,16.231489361702124
600160,2024-02-20,18.29,19.74,19.88,18.15,18.39,491575.0,950604000.0,18.14,17.01,16.24399999999999,16.23,16.22,78.41,0.63,0.22,0.41,巨化股份,化学原料和化学制品制造业,主板,18.48999999999995,17.257499999999958,16.811666666666657,16.430000000000014,16.308085106382975
600160,2024-02-21,19.65,19.29,19.88,19.18,19.74,381052.0,743672000.0,18.65,17.33,16.424499999999988,16.33,16.28,72.55,0.75,0.33,0.42,巨化股份,化学原料和化学制品制造业,主板,18.81749999999995,17.678749999999958,17.104999999999986,16.720000000000017,16.37361702127659
600160,2024-02-22,19.35,19.37,19.5,19.05,19.29,228608.0,440480000.0,18.93,17.67,16.625499999999988,16.43,16.35,72.93,0.84,0.43,0.41,巨化股份,化学原料和化学制品制造业,主板,19.19749999999995,18.159999999999958,17.394999999999985,16.992500000000017,16.442978723404252
600160,2024-02-23,19.55,20.06,20.3,19.33,19.37,372163.0,738164000.0,19.37,18.09,16.851499999999987,16.55,16.43,76.07,0.95,0.53,0.42,巨化股份,化学原料和化学制品制造业,主板,19.61499999999995,18.674999999999958,17.72749999999999,17.278750000000016,16.518723404255315
600160,2024-02-26,20.17,20.37,21.35,20.17,20.06,387630.0,803305000.0,19.77,18.57,17.098499999999987,16.68,16.5,77.34,1.06,0.64,0.42,巨化股份,化学原料和化学制品制造业,主板,19.77249999999995,19.13124999999996,18.09583333333332,17.551875000000017,16.592127659574466
600160,2024-02-27,20.37,20.46,20.91,20.12,20.37,291232.0,596386000.0,19.91,19.02,17.38899999999999,16.8,16.57,77.71,1.14,0.74,0.4,巨化股份,化学原料和化学制品制造业,主板,20.064999999999955,19.44124999999996,18.474166666666658,17.845000000000017,16.67234042553191
600160,2024-02-28,20.68,20.7,21.35,20.43,20.46,409581.0,854587000.0,20.19,19.42,17.673499999999986,16.95,16.65,78.71,1.2,0.83,0.37,巨化股份,化学原料和化学制品制造业,主板,20.397499999999955,19.79749999999996,18.905833333333323,18.145625000000017,16.753617021276593
600160,2024-02-29,20.7,20.41,21.33,19.9,20.7,618651.0,1268750000.0,20.4,19.66,17.919999999999987,17.1,16.72,74.38,1.22,0.91,0.31,巨化股份,化学原料和化学制品制造业,主板,20.484999999999953,20.04999999999996,19.27833333333332,18.41687500000002,16.831914893617018
600160,2024-03-01,20.48,20.9,21.02,20.1,20.41,391918.0,806102000.0,20.57,19.97,18.164999999999985,17.26,16.8,76.71,1.26,0.98,0.28,巨化股份,化学原料和化学制品制造业,主板,20.61749999999995,20.19499999999996,19.626666666666654,18.726250000000018,16.925319148936165
600160,2024-03-04,21.08,20.41,21.18,19.98,20.9,422849.0,862588000.0,20.58,20.17,18.396999999999988,17.41,16.87,69.86,1.23,1.03,0.2,巨化股份,化学原料和化学制品制造业,主板,20.604999999999947,20.33499999999996,19.829166666666655,19.00687500000002,17.00829787234042
600160,2024-03-05,20.28,20.46,20.83,20.28,20.41,292756.0,601026000.0,20.58,20.24,18.625499999999988,17.58,16.95,70.15,1.2,1.06,0.14,巨化股份,化学原料和化学制品制造业,主板,20.54499999999995,20.471249999999962,20.046666666666656,19.31562500000002,17.092340425531912
600160,2024-03-06,20.46,20.42,20.94,20.34,20.46,335421.0,691973000.0,20.52,20.36,18.84299999999999,17.74,17.02,69.57,1.17,1.08,0.09,巨化股份,化学原料和化学制品制造业,主板,20.54749999999995,20.516249999999964,20.21583333333332,19.59562500000002,17.176808510638292
600160,2024-03-07,20.22,20.52,21.05,20.22,20.42,314476.0,649665000.0,20.54,20.47,19.07149999999999,17.91,17.1,70.23,1.12,1.09,0.03,巨化股份,化学原料和化学制品制造业,主板,20.45249999999995,20.534999999999965,20.28083333333332,19.833125000000017,17.265319148936165
600160,2024-03-08,20.33,20.24,20.64,19.93,20.52,396748.0,802409000.0,20.41,20.49,19.287499999999987,18.06,17.17,65.88,1.06,1.09,-0.03,巨化股份,化学原料和化学制品制造业,主板,20.40999999999995,20.507499999999965,20.35999999999999,19.974375000000016,17.351702127659568
600160,2024-03-11,20.27,19.75,20.41,19.55,20.24,524301.0,1038910000.0,20.28,20.43,19.498999999999988,18.21,17.23,59.0,0.96,1.06,-0.1,巨化股份,化学原料和化学制品制造业,主板,20.232499999999952,20.388749999999966,20.39166666666665,20.093125000000015,17.431063829787227
600160,2024-03-12,19.74,19.14,19.88,18.85,19.75,521190.0,1003230000.0,20.01,20.29,19.65899999999999,18.36,17.28,51.76,0.83,1.01,-0.18,巨化股份,化学原料和化学制品制造业,主板,19.91249999999995,20.229999999999965,20.314999999999984,20.140000000000015,17.492765957446803
600160,2024-03-13,19.15,19.14,19.5,19.01,19.14,304042.0,583841000.0,19.76,20.14,19.77999999999999,18.5,17.32,51.76,0.71,0.95,-0.24,巨化股份,化学原料和化学制品制造业,主板,19.567499999999953,20.009999999999966,20.21249999999998,20.102500000000013,17.550851063829782
600160,2024-03-14,19.1,19.21,19.53,19.05,19.14,266029.0,512765000.0,19.5,20.02,19.84149999999999,18.62,17.36,52.53,0.61,0.88,-0.27,巨化股份,化学原料和化学制品制造业,主板,19.309999999999956,19.859999999999967,20.108333333333313,20.09750000000001,17.608723404255315
600160,2024-03-15,19.24,21.13,21.13,19.12,19.21,699735.0,1421710000.0,19.67,20.04,20.005499999999987,18.79,17.43,67.82,0.68,0.84,-0.16,巨化股份,化学原料和化学制品制造业,主板,19.654999999999955,19.943749999999966,20.14416666666665,20.20750000000001,17.71361702127659
600160,2024-03-18,21.69,22.05,22.46,20.92,21.13,893249.0,1938240000.0,20.13,20.21,20.188499999999987,19.0,17.52,72.41,0.8,0.84,-0.04,巨化股份,化学原料和化学制品制造业,主板,20.382499999999954,20.147499999999965,20.280833333333316,20.33187500000001,17.83702127659574
600160,2024-03-19,21.89,22.18,22.66,21.8,22.05,554059.0,1231500000.0,20.74,20.38,20.310499999999987,19.21,17.61,72.99,0.9,0.85,0.05,巨化股份,化学原料和化学制品制造业,主板,21.142499999999952,20.354999999999965,20.38749999999998,20.44500000000001,17.96021276595744
600160,2024-03-20,22.07,22.55,22.82,21.99,22.18,467742.0,1051490000.0,21.42,20.59,20.473499999999987,19.43,17.71,74.64,1.0,0.88,0.12,巨化股份,化学原料和化学制品制造业,主板,21.97749999999995,20.643749999999965,20.565833333333313,20.575625000000013,18.08468085106382
600160,2024-03-21,22.4,22.06,22.55,21.8,22.55,348938.0,771735000.0,21.99,20.74,20.607999999999986,19.63,17.8,68.66,1.02,0.91,0.11,巨化股份,化学原料和化学制品制造业,主板,22.20999999999995,20.932499999999965,20.699166666666645,20.660625000000014,18.197659574468073
600160,2024-03-22,22.05,22.42,23.14,21.85,22.06,518631.0,1162400000.0,22.25,20.96,20.72599999999999,19.85,17.9,70.53,1.06,0.94,0.12,巨化股份,化学原料和化学制品制造业,主板,22.302499999999952,21.342499999999966,20.86583333333331,20.786250000000013,18.328936170212753
600160,2024-03-25,22.3,22.01,22.95,21.98,22.42,391327.0,876516000.0,22.24,21.19,20.807999999999986,20.06,18.0,65.72,1.04,0.96,0.08,巨化股份,化学原料和化学制品制造业,主板,22.259999999999955,21.701249999999966,20.989999999999974,20.855625000000014,18.457021276595732
600160,2024-03-26,22.2,23.51,23.94,21.9,22.01,680610.0,1570500000.0,22.51,21.63,20.96049999999999,20.31,18.11,72.98,1.14,0.99,0.15,巨化股份,化学原料和化学制品制造业,主板,22.499999999999957,22.238749999999964,21.262499999999974,21.049375000000012,18.61872340425531
600160,2024-03-27,23.53,23.24,24.15,23.14,23.51,492072.0,1159070000.0,22.65,22.04,21.087499999999988,20.53,18.23,70.1,1.18,1.03,0.15,巨化股份,化学原料和化学制品制造业,主板,22.794999999999956,22.502499999999966,21.55333333333331,21.223125000000014,18.775957446808498
600160,2024-03-28,23.25,23.42,24.05,23.14,23.24,419042.0,984430000.0,22.92,22.46,21.23799999999999,20.71,18.36,70.92,1.21,1.07,0.14,巨化股份,化学原料和化学制品制造业,主板,23.044999999999956,22.673749999999963,21.90999999999998,21.410625000000014,18.94255319148935
600160,2024-03-29,23.55,23.66,24.24,23.12,23.42,395629.0,936190000.0,23.17,22.71,21.37599999999999,20.91,18.48,72.03,1.24,1.1,0.14,巨化股份,化学原料和化学制品制造业,主板,23.457499999999953,22.85874999999996,22.286666666666648,21.606875000000016,19.1123404255319
600160,2024-04-01,23.17,23.13,23.38,22.71,23.66,500753.0,1157660000.0,23.39,22.82,21.51199999999999,21.06,18.59,66.06,1.2,1.12,0.08,巨化股份,化学原料和化学制品制造业,主板,23.36249999999995,22.93124999999996,22.613333333333316,21.787500000000016,19.277872340425517
600160,2024-04-02,23.07,23.57,23.75,23.07,23.13,402606.0,945391000.0,23.4,22.96,21.66749999999999,21.19,18.71,68.4,1.2,1.14,0.06,巨化股份,化学原料和化学制品制造业,主板,23.444999999999954,23.11999999999996,22.81666666666665,22.026250000000015,19.448723404255308
600160,2024-04-03,23.7,22.3,23.9,22.2,23.57,642879.0,1466230000.0,23.22,22.93,21.76149999999999,21.29,18.81,56.32,1.08,1.13,-0.05,巨化股份,化学原料和化学制品制造业,主板,23.164999999999953,23.10499999999996,22.83749999999998,22.223750000000017,19.594893617021267
600160,2024-04-08,22.0,22.24,22.81,21.88,22.3,343481.0,770190000.0,22.98,22.95,21.84749999999999,21.39,18.91,55.82,0.97,1.09,-0.12,巨化股份,化学原料和化学制品制造业,主板,22.809999999999953,23.133749999999964,22.842499999999983,22.417500000000018,19.756382978723394
600160,2024-04-09,22.3,22.37,22.74,21.9,22.24,330362.0,738108000.0,22.72,22.94,21.95399999999999,21.47,19.01,56.72,0.88,1.05,-0.17,巨化股份,化学原料和化学制品制造业,主板,22.619999999999955,22.991249999999965,22.827499999999983,22.61500000000002,19.912978723404244
600160,2024-04-10,22.32,21.77,22.55,21.74,22.37,299599.0,660478000.0,22.45,22.92,22.05499999999999,21.51,19.09,51.51,0.76,0.99,-0.23,巨化股份,化学原料和化学制品制造业,主板,22.169999999999952,22.807499999999965,22.803333333333313,22.65500000000002,20.046808510638286
600160,2024-04-11,21.68,22.5,22.82,21.44,21.77,447319.0,992561000.0,22.24,22.82,22.222999999999992,21.58,19.19,56.72,0.71,0.94,-0.23,巨化股份,化学原料和化学制品制造业,主板,22.219999999999953,22.692499999999967,22.809999999999977,22.683125000000018,20.185106382978713
600160,2024-04-12,22.43,22.5,22.8,22.16,22.5,268793.0,605481000.0,22.28,22.75,22.39099999999999,21.64,19.29,56.72,0.66,0.88,-0.22,巨化股份,化学原料和化学制品制造业,主板,22.284999999999954,22.547499999999967,22.850833333333313,22.703125000000018,20.328297872340414
600160,2024-04-15,22.61,23.13,23.47,22.4,22.5,385470.0,886914000.0,22.45,22.72,22.586999999999993,21.73,19.41,60.92,0.67,0.84,-0.17,巨化股份,化学原料和化学制品制造业,主板,22.47499999999995,22.547499999999967,22.819166666666646,22.739375000000017,20.482340425531905
600160,2024-04-16,23.13,22.65,23.3,22.45,23.13,332351.0,760111000.0,22.51,22.62,22.66299999999999,21.79,19.53,56.42,0.63,0.8,-0.17,巨化股份,化学原料和化学制品制造业,主板,22.694999999999954,22.43249999999997,22.76999999999998,22.776250000000015,20.622340425531902
600160,2024-04-17,22.9,23.57,23.59,22.63,22.65,382463.0,884663000.0,22.87,22.66,22.73899999999999,21.89,19.65,62.18,0.66,0.77,-0.11,巨化股份,化学原料和化学制品制造业,主板,22.962499999999956,22.591249999999967,22.782499999999974,22.848125000000014,20.784468085106372
600160,2024-04-18,23.35,23.5,23.94,22.9,23.57,429889.0,1006110000.0,23.07,22.65,22.80499999999999,22.0,19.79,61.52,0.67,0.75,-0.08,巨化股份,化学原料和化学制品制造业,主板,23.212499999999956,22.748749999999966,22.76916666666664,22.941250000000014,20.945744680851053
600160,2024-04-19,23.58,23.28,23.89,23.11,23.5,245301.0,575440000.0,23.23,22.75,22.84149999999999,22.09,19.91,59.37,0.66,0.73,-0.07,巨化股份,化学原料和化学制品制造业,主板,23.249999999999957,22.862499999999965,22.781666666666638,22.926875000000017,21.110851063829777
600160,2024-04-22,23.18,22.32,23.33,22.19,23.28,353151.0,803351000.0,23.06,22.76,22.854499999999987,22.15,20.03,50.98,0.56,0.7,-0.14,巨化股份,化学原料和化学制品制造业,主板,23.167499999999954,22.931249999999963,22.67749999999997,22.869375000000016,21.24659574468084
600160,2024-04-23,21.99,21.86,22.28,20.87,22.32,581719.0,1257310000.0,22.91,22.71,22.82649999999999,22.21,20.13,47.52,0.45,0.65,-0.2,巨化股份,化学原料和化学制品制造业,主板,22.739999999999952,22.851249999999965,22.640833333333305,22.771875000000016,21.3559574468085
600160,2024-04-24,21.86,22.0,22.31,21.68,21.86,247580.0,544676000.0,22.59,22.73,22.825999999999986,22.28,20.24,48.66,0.36,0.59,-0.23,巨化股份,化学原料和化学制品制造业,主板,22.364999999999952,22.788749999999965,22.620833333333305,22.668125000000014,21.441489361702118
600160,2024-04-25,21.88,21.56,22.29,21.4,22.0,276638.0,603335000.0,22.2,22.64,22.72849999999999,22.36,20.36,45.32,0.26,0.52,-0.26,巨化股份,化学原料和化学制品制造业,主板,21.934999999999953,22.592499999999966,22.553333333333303,22.570000000000014,21.52042553191488
600160,2024-04-26,22.1,23.65,23.72,22.05,21.56,623489.0,1447350000.0,22.28,22.75,22.748999999999988,22.51,20.5,59.53,0.33,0.49,-0.16,巨化股份,化学原料和化学制品制造业,主板,22.267499999999956,22.717499999999966,22.70999999999997,22.575000000000014,21.632340425531904
600160,2024-04-29,23.5,23.98,24.1,23.43,23.65,428446.0,1017990000.0,22.61,22.84,22.776999999999987,22.67,20.64,61.24,0.42,0.47,-0.05,巨化股份,化学原料和化学制品制造业,主板,22.797499999999957,22.768749999999965,22.833333333333304,22.680000000000014,21.722553191489347
600160,2024-04-30,23.86,23.65,24.25,23.58,23.98,233624.0,556721000.0,22.97,22.94,22.776499999999984,22.75,20.77,58.57,0.45,0.47,-0.02,巨化股份,化学原料和化学制品制造业,主板,23.209999999999958,22.787499999999966,22.929166666666635,22.768125000000012,21.815319148936158
600160,2024-05-06,23.95,24.08,24.2,22.86,23.65,532377.0,1255520000.0,23.38,22.99,22.823999999999984,22.82,20.91,60.96,0.52,0.48,0.04,巨化股份,化学原料和化学制品制造业,主板,23.839999999999957,22.887499999999964,23.0083333333333,22.87500000000001,21.915531914893606
600160,2024-05-07,24.26,25.24,25.88,24.26,24.08,567108.0,1431050000.0,24.12,23.16,22.907499999999985,22.92,21.07,66.56,0.64,0.51,0.13,巨化股份,化学原料和化学制品制造业,主板,24.237499999999955,23.252499999999966,23.224166666666637,23.091875000000012,22.025744680851055
600160,2024-05-08,25.01,24.86,25.28,24.7,25.24,262444.0,653341000.0,24.36,23.32,23.035499999999985,23.0,21.21,63.36,0.71,0.55,0.16,巨化股份,化学原料和化学制品制造业,主板,24.457499999999953,23.627499999999962,23.33166666666664,23.239375000000013,22.12127659574467
600160,2024-05-09,25.0,25.2,25.5,24.93,24.86,257566.0,649275000.0,24.61,23.61,23.183499999999984,23.11,21.37,64.98,0.78,0.6,0.18,巨化股份,化学原料和化学制品制造业,主板,24.844999999999956,24.02749999999996,23.473333333333304,23.408125000000013,22.22212765957446
600160,2024-05-10,25.2,25.28,25.43,24.69,25.2,230971.0,579294000.0,24.93,23.95,23.328999999999986,23.2,21.52,65.37,0.83,0.64,0.19,巨化股份,化学原料和化学制品制造业,主板,25.144999999999957,24.49249999999996,23.639999999999976,23.54250000000001,22.319574468085097
600160,2024-05-13,25.35,25.36,25.54,24.8,25.28,230253.0,581587000.0,25.19,24.29,23.508499999999987,23.31,21.69,65.78,0.87,0.69,0.18,巨化股份,化学原料和化学制品制造业,主板,25.174999999999958,24.706249999999958,23.893333333333313,23.711875000000013,22.42489361702126
600160,2024-05-14,25.44,25.34,26.1,25.32,25.36,300427.0,772314000.0,25.21,24.66,23.650499999999987,23.37,21.84,65.57,0.89,0.73,0.16,巨化股份,化学原料和化学制品制造业,主板,25.29499999999996,24.87624999999996,24.18333333333331,23.822500000000012,22.519361702127643
600160,2024-05-15,25.33,25.83,26.05,25.3,25.34,250730.0,645951000.0,25.4,24.88,23.816999999999986,23.46,22.0,68.23,0.93,0.77,0.16,巨化股份,化学原料和化学制品制造业,主板,25.452499999999958,25.14874999999996,24.502499999999973,23.96812500000001,22.63468085106381
600160,2024-05-16,25.86,25.42,26.0,25.1,25.83,266794.0,680381000.0,25.45,25.03,23.931499999999986,23.53,22.12,63.79,0.92,0.8,0.12,巨化股份,化学原料和化学制品制造业,主板,25.487499999999958,25.31624999999996,24.824166666666642,24.101875000000014,22.740212765957427
600160,2024-05-17,25.33,25.16,25.33,24.77,25.42,217632.0,544821000.0,25.42,25.18,24.056999999999988,23.58,22.24,61.07,0.89,0.82,0.07,巨化股份,化学原料和化学制品制造业,主板,25.437499999999957,25.30624999999996,24.949999999999978,24.279375000000016,22.841063829787213
600160,2024-05-20,24.95,24.98,25.14,24.38,25.16,335965.0,831726000.0,25.35,25.27,24.12749999999999,23.64,22.35,59.2,0.83,0.82,0.01,巨化股份,化学原料和化学制品制造业,主板,25.347499999999958,25.321249999999957,25.033333333333314,24.474375000000016,22.93595744680849
600160,2024-05-21,25.05,24.83,25.24,24.57,24.98,259374.0,645684000.0,25.24,25.23,24.19399999999999,23.68,22.44,57.61,0.76,0.81,-0.05,巨化股份,化学原料和化学制品制造业,主板,25.097499999999958,25.274999999999956,25.131666666666646,24.651250000000015,23.033617021276577
600160,2024-05-22,24.7,24.54,24.85,24.34,24.83,219329.0,538378000.0,24.99,25.19,24.256999999999987,23.76,22.52,54.55,0.68,0.78,-0.1,巨化股份,化学原料和化学制品制造业,主板,24.87749999999996,25.182499999999955,25.169999999999984,24.837500000000016,23.135531914893594
600160,2024-05-23,24.42,23.88,24.74,23.81,24.54,291195.0,702655000.0,24.68,25.06,24.334999999999987,23.81,22.6,48.29,0.56,0.74,-0.18,巨化股份,化学原料和化学制品制造业,主板,24.55749999999996,24.997499999999953,25.056666666666647,24.851875000000017,23.236382978723384
600160,2024-05-24,23.91,23.52,24.25,23.48,23.88,199324.0,475723000.0,24.35,24.89,24.417999999999985,23.85,22.66,45.23,0.42,0.67,-0.25,巨化股份,化学原料和化学制品制造业,主板,24.192499999999956,24.769999999999953,24.94499999999998,24.823125000000015,23.32957446808508
600160,2024-05-27,23.51,24.07,24.14,23.41,23.52,220474.0,525877000.0,24.17,24.76,24.521499999999985,23.92,22.72,50.39,0.36,0.61,-0.25,巨化股份,化学原料和化学制品制造业,主板,24.00249999999996,24.549999999999955,24.850833333333313,24.849375000000016,23.43297872340423
600160,2024-05-28,24.01,23.3,24.13,23.24,24.07,269577.0,633486000.0,23.86,24.55,24.608499999999985,23.95,22.77,44.12,0.24,0.54,-0.3,巨化股份,化学原料和化学制品制造业,主板,23.69249999999996,24.284999999999954,24.685833333333317,24.800625000000018,23.479148936170184
600160,2024-05-29,23.23,23.52,23.64,23.13,23.3,199439.0,467812000.0,23.66,24.32,24.601999999999986,23.99,22.81,46.18,0.17,0.46,-0.29,巨化股份,化学原料和化学制品制造业,主板,23.60249999999996,24.079999999999956,24.53249999999998,24.693125000000016,23.510425531914866
600160,2024-05-30,23.45,23.49,24.3,23.28,23.52,255314.0,606979000.0,23.58,24.13,24.577499999999986,24.0,22.86,45.94,0.1,0.39,-0.29,巨化股份,化学原料和化学制品制造业,主板,23.59499999999996,23.893749999999958,24.378333333333316,24.607500000000016,23.538297872340397
600160,2024-05-31,23.59,23.78,23.8,23.21,23.49,190386.0,448395000.0,23.63,23.99,24.583999999999985,24.04,22.91,48.81,0.07,0.33,-0.26,巨化股份,化学原料和化学制品制造业,主板,23.522499999999958,23.76249999999996,24.207499999999985,24.518750000000015,23.564468085106352
600160,2024-06-03,23.23,23.49,23.6,22.85,23.78,255353.0,595454000.0,23.52,23.84,24.554499999999987,24.03,22.96,46.17,0.03,0.27,-0.24,巨化股份,化学原料和化学制品制造业,主板,23.569999999999958,23.631249999999962,24.046666666666653,24.406875000000014,23.59489361702125
600160,2024-06-04,23.46,24.22,24.3,23.36,23.49,260934.0,624222000.0,23.7,23.78,24.503499999999985,24.06,23.03,53.05,0.05,0.22,-0.17,巨化股份,化学原料和化学制品制造业,主板,23.74499999999996,23.673749999999963,23.96833333333332,24.335625000000014,23.63319148936167
600160,2024-06-05,24.16,23.58,24.19,23.58,24.22,184243.0,437893000.0,23.71,23.68,24.43949999999999,24.07,23.08,47.33,0.02,0.18,-0.16,巨化股份,化学原料和化学制品制造业,主板,23.76749999999996,23.68124999999996,23.85166666666665,24.225625000000015,23.66659574468082
600160,2024-06-06,23.55,23.59,24.06,23.43,23.58,173339.0,411924000.0,23.73,23.66,24.358999999999988,24.11,23.13,47.43,-0.01,0.14,-0.15,巨化股份,化学原料和化学制品制造业,主板,23.71999999999996,23.62124999999996,23.748333333333317,24.085625000000014,23.668297872340393
600160,2024-06-07,23.75,23.05,23.93,22.93,23.59,260055.0,606305000.0,23.59,23.61,24.24749999999999,24.15,23.18,42.92,-0.08,0.1,-0.18,巨化股份,化学原料和化学制品制造业,主板,23.60999999999996,23.58999999999996,23.62416666666665,23.937500000000014,23.664255319148904
600160,2024-06-11,23.05,23.18,23.36,22.8,23.05,189445.0,437915000.0,23.52,23.52,24.13849999999999,24.19,23.23,44.29,-0.11,0.06,-0.17,巨化股份,化学原料和化学制品制造业,主板,23.34999999999996,23.54749999999996,23.565833333333316,23.813750000000013,23.65914893617018
600160,2024-06-12,23.18,23.03,23.55,22.93,23.18,168374.0,390951000.0,23.29,23.49,24.022999999999993,24.24,23.3,43.0,-0.16,0.01,-0.17,巨化股份,化学原料和化学制品制造业,主板,23.21249999999996,23.48999999999996,23.524999999999988,23.69187500000001,23.645744680851028
600160,2024-06-13,22.92,22.79,23.26,22.57,23.03,234608.0,536468000.0,23.13,23.42,23.870999999999995,24.21,23.36,40.95,-0.2,-0.03,-0.17,巨化股份,化学原料和化学制品制造业,主板,23.01249999999996,23.366249999999958,23.418333333333322,23.564375000000013,23.638510638297834
600160,2024-06-14,22.77,22.62,22.8,22.15,22.79,388608.0,873707000.0,22.93,23.33,23.730999999999995,24.16,23.42,39.52,-0.26,-0.07,-0.19,巨化股份,化学原料和化学制品制造业,主板,22.904999999999962,23.257499999999958,23.361666666666654,23.44437500000001,23.618297872340385
600160,2024-06-17,22.22,22.36,22.52,21.8,22.62,375517.0,831333000.0,22.8,23.19,23.590999999999994,24.12,23.44,37.36,-0.32,-0.12,-0.2,巨化股份,化学原料和化学制品制造业,主板,22.69999999999996,23.02499999999996,23.26499999999999,23.349375000000013,23.619574468085066
600160,2024-06-18,22.34,22.27,22.45,22.02,22.36,206015.0,459323000.0,22.61,23.07,23.455499999999994,24.06,23.44,36.61,-0.36,-0.17,-0.19,巨化股份,化学原料和化学制品制造业,主板,22.50999999999996,22.861249999999963,23.163333333333323,23.271250000000013,23.620212765957405
600160,2024-06-19,22.35,22.34,22.56,22.18,22.27,168480.0,377034000.0,22.48,22.88,23.330999999999992,23.96,23.44,37.65,-0.39,-0.21,-0.18,巨化股份,化学原料和化学制品制造业,主板,22.397499999999958,22.704999999999963,23.043333333333322,23.16312500000001,23.619574468085066
600160,2024-06-20,22.36,22.4,22.83,22.2,22.34,209243.0,471556000.0,22.4,22.76,23.22399999999999,23.88,23.44,38.59,-0.4,-0.25,-0.15,巨化股份,化学原料和化学制品制造业,主板,22.34249999999996,22.623749999999962,22.952499999999986,23.10687500000001,23.632978723404218
600160,2024-06-21,22.28,22.49,22.6,22.22,22.4,137050.0,307699000.0,22.37,22.65,23.15449999999999,23.79,23.45,40.03,-0.4,-0.28,-0.12,巨化股份,化学原料和化学制品制造业,主板,22.374999999999957,22.537499999999962,22.80833333333332,23.04250000000001,23.63276595744677
600160,2024-06-24,22.2,22.25,22.58,22.08,22.49,160707.0,358664000.0,22.35,22.57,23.09099999999999,23.69,23.45,37.49,-0.42,-0.31,-0.11,巨化股份,化学原料和化学制品制造业,主板,22.36999999999996,22.439999999999962,22.697499999999987,22.96500000000001,23.6274468085106
600160,2024-06-25,23.3,23.72,24.35,23.15,22.25,510021.0,1213540000.0,22.64,22.63,23.073499999999992,23.63,23.47,55.93,-0.3,-0.31,0.01,巨化股份,化学原料和化学制品制造业,主板,22.714999999999957,22.556249999999963,22.708333333333318,22.961250000000014,23.63999999999996
600160,2024-06-26,23.73,24.25,24.31,22.93,23.72,330276.0,783274000.0,23.02,22.75,23.12099999999999,23.6,23.49,60.46,-0.17,-0.28,0.11,巨化股份,化学原料和化学制品制造业,主板,23.17749999999996,22.759999999999962,22.80833333333332,23.008750000000013,23.67404255319145
600160,2024-06-27,24.09,23.41,24.21,23.28,24.25,252776.0,596189000.0,23.22,22.81,23.115499999999994,23.52,23.49,51.44,-0.12,-0.25,0.13,巨化股份,化学原料和化学制品制造业,主板,23.40749999999996,22.891249999999964,22.827499999999986,22.958125000000017,23.6706382978723
600160,2024-06-28,23.52,24.13,24.18,23.46,23.41,256425.0,614455000.0,23.55,22.96,23.147499999999994,23.47,23.5,57.32,-0.04,-0.21,0.17,巨化股份,化学原料和化学制品制造业,主板,23.87749999999996,23.123749999999962,22.919166666666655,22.992500000000017,23.684042553191453
600160,2024-07-01,24.13,25.0,25.15,24.13,24.13,253239.0,629745000.0,24.1,23.23,23.208499999999994,23.47,23.52,63.13,0.11,-0.14,0.25,巨化股份,化学原料和化学制品制造业,主板,24.19749999999996,23.45624999999996,23.10333333333332,23.08062500000002,23.720638297872306
600160,2024-07-02,25.0,24.62,25.15,24.55,25.0,192290.0,476098000.0,24.28,23.46,23.264999999999993,23.46,23.55,59.33,0.18,-0.08,0.26,巨化股份,化学原料和化学制品制造业,主板,24.28999999999996,23.73374999999996,23.269999999999985,23.17875000000002,23.769574468085068
600160,2024-07-03,24.55,24.61,24.92,23.75,24.62,231259.0,563813000.0,24.35,23.69,23.28449999999999,23.45,23.57,59.23,0.24,-0.01,0.25,巨化股份,化学原料和化学制品制造业,主板,24.58999999999996,23.99874999999996,23.457499999999985,23.26812500000002,23.828085106382943
600160,2024-07-04,24.5,24.6,24.95,24.45,24.61,139243.0,343625000.0,24.59,23.91,23.335499999999993,23.45,23.6,59.12,0.28,0.04,0.24,巨化股份,化学原料和化学制品制造业,主板,24.70749999999996,24.292499999999958,23.651666666666657,23.366250000000022,23.88340425531911
600160,2024-07-05,24.7,25.04,25.1,24.28,24.6,187626.0,463745000.0,24.77,24.16,23.407999999999994,23.49,23.65,62.38,0.35,0.11,0.24,巨化股份,化学原料和化学制品制造业,主板,24.71749999999996,24.457499999999957,23.87666666666666,23.506875000000022,23.9574468085106
600160,2024-07-08,25.04,24.58,25.04,24.46,25.04,167491.0,413530000.0,24.69,24.4,23.484499999999993,23.53,23.69,57.24,0.36,0.16,0.2,巨化股份,化学原料和化学制品制造业,主板,24.707499999999957,24.49874999999996,24.058333333333326,23.62937500000002,23.97723404255315
600160,2024-07-09,24.77,23.95,24.77,23.16,24.58,422213.0,1002910000.0,24.56,24.42,23.522999999999993,23.52,23.72,51.04,0.31,0.19,0.12,巨化股份,化学原料和化学制品制造业,主板,24.542499999999958,24.566249999999958,24.179999999999993,23.72875000000002,23.97659574468081
600160,2024-07-10,23.05,23.1,23.78,22.5,23.95,478668.0,1106480000.0,24.25,24.3,23.52649999999999,23.52,23.73,44.09,0.2,0.19,0.01,巨化股份,化学原料和化学制品制造业,主板,24.16749999999996,24.437499999999957,24.25083333333333,23.780625000000022,23.964893617021232
600160,2024-07-11,23.3,23.66,23.89,23.03,23.1,219773.0,517236000.0,24.07,24.33,23.569999999999993,23.52,23.75,49.01,0.16,0.18,-0.02,巨化股份,化学原料和化学制品制造业,主板,23.822499999999962,24.269999999999957,24.245833333333326,23.863125000000025,23.95595744680847
600160,2024-07-12,23.65,22.72,23.75,22.7,23.66,236882.0,545407000.0,23.6,24.19,23.574999999999996,23.49,23.75,42.28,0.05,0.16,-0.11,巨化股份,化学原料和化学制品制造业,主板,23.357499999999963,24.032499999999956,24.11833333333333,23.883125000000028,23.90234042553187
600160,2024-07-15,22.49,22.9,23.11,22.38,22.72,140411.0,320780000.0,23.27,23.98,23.601999999999993,23.46,23.75,43.87,-0.02,0.12,-0.14,巨化股份,化学原料和化学制品制造业,主板,23.09499999999996,23.81874999999996,24.075833333333325,23.908750000000026,23.860638297872303
600160,2024-07-16,22.82,20.9,22.88,20.61,22.9,772560.0,1659910000.0,22.66,23.61,23.533499999999993,23.38,23.71,33.0,-0.23,0.05,-0.28,巨化股份,化学原料和化学制品制造业,主板,22.54499999999996,23.35624999999996,23.806666666666658,23.824375000000025,23.769148936170176
600160,2024-07-17,21.5,20.14,21.7,19.97,20.9,515766.0,1061090000.0,22.06,23.16,23.423499999999994,23.24,23.65,29.96,-0.47,-0.05,-0.42,巨化股份,化学原料和化学制品制造业,主板,21.66499999999996,22.74374999999996,23.401666666666657,23.600625000000022,23.65978723404252
600160,2024-07-18,20.0,20.25,20.5,19.78,20.14,260983.0,528812000.0,21.38,22.72,23.315999999999995,23.13,23.6,30.95,-0.63,-0.17,-0.46,巨化股份,化学原料和化学制品制造业,主板,21.04749999999996,22.202499999999958,23.03749999999999,23.350625000000022,23.551063829787203
600160,2024-07-19,20.2,19.6,20.29,19.57,20.25,338237.0,671052000.0,20.76,22.18,23.171499999999995,23.0,23.55,28.4,-0.8,-0.29,-0.51,巨化股份,化学原料和化学制品制造业,主板,20.22249999999996,21.65874999999996,22.61999999999999,23.112500000000022,23.428936170212733
600160,2024-07-22,19.52,20.16,20.77,19.42,19.6,331698.0,669485000.0,20.21,21.74,23.066999999999997,22.9,23.53,33.49,-0.88,-0.41,-0.47,巨化股份,化学原料和化学制品制造业,主板,20.03749999999996,21.29124999999996,22.24999999999999,22.864375000000024,23.308297872340397
600160,2024-07-23,20.05,19.18,20.06,19.15,20.16,348005.0,674987000.0,19.87,21.26,22.839999999999996,22.77,23.48,29.53,-1.01,-0.53,-0.48,巨化股份,化学原料和化学制品制造业,主板,19.79749999999996,20.73124999999996,21.761666666666656,22.500625000000024,23.17553191489359
600160,2024-07-24,19.1,19.15,19.4,18.91,19.18,219794.0,421119000.0,19.67,20.87,22.584999999999997,22.64,23.44,29.42,-1.11,-0.65,-0.46,巨化股份,化学原料和化学制品制造业,主板,19.522499999999958,20.28499999999996,21.309166666666655,22.158750000000023,23.047659574468057
600160,2024-07-25,19.0,19.15,19.42,18.76,19.15,190140.0,363451000.0,19.45,20.42,22.371999999999993,22.52,23.36,29.42,-1.17,-0.75,-0.42,巨化股份,化学原料和化学制品制造业,主板,19.40999999999996,19.81624999999996,20.909166666666653,21.81750000000002,22.92361702127657
600160,2024-07-26,19.08,19.49,19.9,19.08,19.15,209106.0,409720000.0,19.43,20.09,22.139999999999993,22.41,23.29,32.84,-1.18,-0.84,-0.34,巨化股份,化学原料和化学制品制造业,主板,19.24249999999996,19.63999999999996,20.608333333333324,21.49812500000002,22.809999999999974
600160,2024-07-29,19.44,19.18,19.6,19.05,19.49,135142.0,260424000.0,19.23,19.72,21.848999999999997,22.31,23.21,31.35,-1.19,-0.91,-0.28,巨化股份,化学原料和化学制品制造业,主板,19.242499999999957,19.51999999999996,20.23499999999999,21.13187500000002,22.69595744680849
600160,2024-07-30,19.1,19.03,19.2,18.64,19.18,186887.0,352672000.0,19.2,19.53,21.569499999999994,22.2,23.13,30.62,-1.21,-0.97,-0.24,巨化股份,化学原料和化学制品制造业,主板,19.212499999999956,19.36749999999996,19.927499999999988,20.78500000000002,22.592765957446783
600160,2024-07-31,19.1,19.84,19.99,18.76,19.03,248536.0,486127000.0,19.34,19.5,21.330999999999992,22.12,23.04,38.86,-1.13,-1.0,-0.13,巨化股份,化学原料和化学制品制造业,主板,19.384999999999955,19.39749999999996,19.67249999999999,20.52812500000002,22.514468085106355
600160,2024-08-01,19.88,19.52,20.23,19.46,19.84,178936.0,353536000.0,19.41,19.43,21.07699999999999,22.02,22.95,36.99,-1.1,-1.02,-0.08,巨化股份,化学原料和化学制品制造业,主板,19.392499999999956,19.317499999999963,19.557499999999987,20.304375000000018,22.417659574468058
600160,2024-08-02,19.3,19.71,20.32,19.25,19.52,235816.0,470198000.0,19.46,19.44,20.810499999999987,21.93,22.86,38.87,-1.04,-1.02,-0.02,巨化股份,化学原料和化学制品制造业,主板,19.524999999999956,19.383749999999964,19.521666666666658,20.057500000000015,22.341276595744656
600160,2024-08-05,19.6,19.14,20.05,19.12,19.71,193042.0,376833000.0,19.45,19.34,20.53849999999999,21.82,22.76,35.46,-1.02,-1.02,0.0,巨化股份,化学原料和化学制品制造业,主板,19.552499999999956,19.38249999999996,19.429166666666656,19.833750000000016,22.248085106382955
600160,2024-08-06,19.42,19.13,19.45,18.88,19.14,125406.0,239345000.0,19.47,19.33,20.29749999999999,21.67,22.65,35.4,-1.0,-1.02,0.02,巨化股份,化学原料和化学制品制造业,主板,19.374999999999954,19.37999999999996,19.38999999999999,19.598125000000017,22.15531914893615
600160,2024-08-07,19.08,19.04,19.24,18.81,19.13,105539.0,200678000.0,19.31,19.32,20.09449999999999,21.5,22.55,34.84,-0.98,-1.01,0.03,巨化股份,化学原料和化学制品制造业,主板,19.254999999999956,19.323749999999958,19.296666666666656,19.48187500000002,22.05446808510636
600160,2024-08-08,18.9,19.01,19.34,18.7,19.04,128199.0,243662000.0,19.21,19.31,19.861999999999988,21.35,22.43,34.64,-0.96,-1.0,0.04,巨化股份,化学原料和化学制品制造业,主板,19.079999999999956,19.302499999999956,19.282499999999988,19.41125000000002,21.95914893617019
600160,2024-08-09,19.08,18.65,19.3,18.38,19.01,234671.0,438340000.0,18.99,19.23,19.658499999999986,21.17,22.32,32.28,-0.95,-0.99,0.04,巨化股份,化学原料和化学制品制造业,主板,18.957499999999957,19.254999999999956,19.24083333333332,19.31125000000002,21.84063829787232
600160,2024-08-12,18.58,18.65,18.77,18.3,18.65,129902.0,241585000.0,18.9,19.17,19.445999999999987,20.96,22.21,32.28,-0.94,-0.98,0.04,巨化股份,化学原料和化学制品制造业,主板,18.837499999999956,19.106249999999957,19.199166666666653,19.251875000000016,21.735744680851045
600160,2024-08-13,18.68,18.44,18.74,18.18,18.65,177635.0,326121000.0,18.76,19.11,19.322999999999986,20.75,22.1,30.86,-0.94,-0.97,0.03,巨化股份,化学原料和化学制品制造业,主板,18.687499999999957,18.971249999999955,19.111666666666654,19.144375000000014,21.62617021276594
600160,2024-08-14,18.69,18.1,18.69,17.85,18.44,203387.0,367118000.0,18.57,18.94,19.22099999999999,20.53,21.99,28.67,-0.95,-0.97,0.02,巨化股份,化学原料和化学制品制造业,主板,18.459999999999955,18.769999999999953,19.02166666666665,19.076875000000015,21.520851063829767
600160,2024-08-15,18.01,17.95,18.35,17.85,18.1,152533.0,275549000.0,18.36,18.78,19.105999999999987,20.31,21.88,27.73,-0.96,-0.97,0.01,巨化股份,化学原料和化学制品制造业,主板,18.284999999999954,18.621249999999954,18.93166666666665,19.001875000000016,21.40957446808509
600160,2024-08-16,18.03,17.81,18.07,17.66,17.95,179200.0,319236000.0,18.19,18.59,19.016499999999986,20.07,21.78,26.84,-0.97,-0.97,0.0,巨化股份,化学原料和化学制品制造业,主板,18.074999999999953,18.456249999999955,18.762499999999985,18.918125000000018,21.298510638297856
600160,2024-08-19,17.88,17.8,18.4,17.71,17.81,171798.0,308956000.0,18.02,18.46,18.898499999999988,19.85,21.69,26.78,-0.97,-0.97,0.0,巨化股份,化学原料和化学制品制造业,主板,17.914999999999953,18.301249999999957,18.61916666666665,18.812500000000018,21.1923404255319
600160,2024-08-20,17.86,17.43,17.88,17.35,17.8,119606.0,209564000.0,17.82,18.29,18.810999999999986,19.63,21.57,24.4,-0.99,-0.97,-0.02,巨化股份,化学原料和化学制品制造业,主板,17.747499999999953,18.10374999999996,18.42916666666665,18.703125000000018,21.081914893617004
600160,2024-08-21,17.36,17.35,17.58,17.3,17.43,77217.6,134381000.0,17.67,18.12,18.72099999999999,19.44,21.48,23.91,-0.99,-0.98,-0.01,巨化股份,化学原料和化学制品制造业,主板,17.59749999999995,17.941249999999958,18.279999999999983,18.598125000000017,20.975319148936155
600160,2024-08-22,17.33,17.27,17.35,16.98,17.35,145460.0,249176000.0,17.53,17.94,18.62699999999999,19.22,21.37,23.4,-1.0,-0.98,-0.02,巨化股份,化学原料和化学制品制造业,主板,17.46249999999995,17.768749999999958,18.124999999999982,18.437500000000018,20.86893617021275
600160,2024-08-23,17.4,17.68,18.15,17.35,17.27,346568.0,615821000.0,17.51,17.85,18.53649999999999,19.06,21.27,31.47,-0.96,-0.98,0.02,巨化股份,化学原料和化学制品制造业,主板,17.43249999999995,17.67374999999996,18.011666666666653,18.32250000000002,20.769787234042536
600160,2024-08-26,17.76,17.0,17.98,16.77,17.68,303785.0,519881000.0,17.35,17.68,18.427499999999988,18.86,21.16,26.48,-0.96,-0.97,0.01,巨化股份,化学原料和化学制品制造业,主板,17.324999999999953,17.53624999999996,17.844166666666652,18.15312500000002,20.65489361702126
600160,2024-08-27,16.95,16.4,17.04,16.18,17.0,350437.0,578455000.0,17.14,17.48,18.295999999999985,18.71,21.04,23.02,-1.0,-0.98,-0.02,巨化股份,化学原料和化学制品制造业,主板,17.087499999999956,17.342499999999962,17.656666666666652,17.98187500000002,20.525319148936152
600160,2024-08-28,16.43,16.25,16.5,16.11,16.4,154663.0,251440000.0,16.92,17.29,18.116499999999988,18.58,20.91,22.24,-1.05,-0.99,-0.06,巨化股份,化学原料和化学制品制造业,主板,16.832499999999957,17.14749999999996,17.456666666666653,17.80187500000002,20.39765957446807
600160,2024-08-29,16.25,16.05,16.49,16.01,16.25,247469.0,400886000.0,16.68,17.1,17.94299999999999,18.44,20.79,21.2,-1.08,-1.01,-0.07,巨化股份,化学原料和化学制品制造业,主板,16.424999999999955,16.92874999999996,17.257499999999986,17.61500000000002,20.234468085106364
600160,2024-08-30,16.07,16.42,16.74,15.91,16.05,377943.0,621124000.0,16.42,16.96,17.77849999999999,18.33,20.67,27.89,-1.06,-1.02,-0.04,巨化股份,化学原料和化学制品制造业,主板,16.279999999999955,16.80249999999996,17.117499999999986,17.45312500000002,20.067872340425513
600160,2024-09-02,16.39,15.48,16.39,15.46,16.42,338826.0,534807000.0,16.12,16.73,17.595499999999994,18.18,20.54,22.63,-1.1,-1.04,-0.06,巨化股份,化学原料和化学制品制造业,主板,16.049999999999955,16.56874999999996,16.91166666666665,17.255000000000024,19.899148936170192
600160,2024-09-03,15.46,15.5,15.71,15.39,15.48,203358.0,316290000.0,15.94,16.54,17.413999999999994,18.05,20.41,22.97,-1.13,-1.05,-0.08,巨化股份,化学原料和化学制品制造业,主板,15.862499999999955,16.347499999999958,16.719166666666652,17.058125000000025,19.715531914893596
600160,2024-09-04,15.39,15.26,15.57,15.06,15.5,210214.0,322283000.0,15.74,16.33,17.22499999999999,17.92,20.28,21.76,-1.16,-1.08,-0.08,巨化股份,化学原料和化学制品制造业,主板,15.664999999999957,16.044999999999956,16.507499999999983,16.859375000000025,19.508297872340407
600160,2024-09-05,15.01,14.43,15.21,14.26,15.26,518046.0,754420000.0,15.42,16.05,16.99599999999999,17.77,20.14,18.19,-1.23,-1.11,-0.12,巨化股份,化学原料和化学制品制造业,主板,15.167499999999958,15.723749999999956,16.257499999999983,16.630000000000024,19.29148936170211
600160,2024-09-06,14.45,14.42,14.57,14.33,14.43,240903.0,347878000.0,15.02,15.72,16.784499999999994,17.6,20.01,18.15,-1.28,-1.14,-0.14,巨化股份,化学原料和化学制品制造业,主板,14.902499999999957,15.476249999999954,16.013333333333318,16.409375000000026,19.074680851063807
600160,2024-09-09,14.44,14.69,14.98,14.25,14.42,344760.0,503805000.0,14.86,15.49,16.586499999999994,17.45,19.88,22.91,-1.28,-1.17,-0.11,巨化股份,化学原料和化学制品制造业,主板,14.699999999999957,15.281249999999954,15.798333333333316,16.214375000000025,18.86382978723402
600160,2024-09-10,14.69,15.01,15.3,14.65,14.69,408967.0,613773000.0,14.76,15.35,16.414999999999996,17.31,19.76,28.24,-1.23,-1.18,-0.05,巨化股份,化学原料和化学制品制造业,主板,14.637499999999958,15.151249999999953,15.575833333333314,16.040000000000024,18.650425531914873
600160,2024-09-11,15.21,15.5,15.69,15.02,15.01,467645.0,721834000.0,14.81,15.28,16.284999999999993,17.17,19.64,35.57,-1.15,-1.18,0.03,巨化股份,化学原料和化学制品制造业,主板,14.90499999999996,15.036249999999955,15.450833333333314,15.919375000000024,18.45723404255317
600160,2024-09-12,15.6,15.72,15.9,15.38,15.5,291655.0,456505000.0,15.07,15.24,16.173499999999997,17.04,19.53,38.61,-1.04,-1.15,0.11,巨化股份,化学原料和化学制品制造业,主板,15.229999999999961,15.066249999999956,15.394166666666647,15.817500000000026,18.282127659574446
600160,2024-09-13,15.66,15.96,16.39,15.66,15.72,336556.0,542334000.0,15.38,15.2,16.080999999999996,16.92,19.42,41.83,-0.94,-1.11,0.17,巨化股份,化学原料和化学制品制造业,主板,15.547499999999964,15.123749999999955,15.369999999999981,15.735625000000026,18.130212765957424
600160,2024-09-18,16.42,16.69,16.9,16.3,15.96,468744.0,776704000.0,15.78,15.32,16.025499999999994,16.84,19.33,50.36,-0.79,-1.04,0.25,巨化股份,化学原料和化学制品制造业,主板,15.967499999999964,15.302499999999954,15.423333333333312,15.673750000000027,17.981914893617002
600160,2024-09-19,16.98,16.58,16.99,16.24,16.69,381610.0,630212000.0,16.09,15.43,15.982999999999993,16.75,19.21,49.19,-0.67,-0.97,0.3,巨化股份,化学原料和化学制品制造业,主板,16.23749999999996,15.571249999999953,15.436666666666644,15.647500000000026,17.85127659574466
600160,2024-09-20,16.51,16.9,16.92,16.3,16.58,299422.0,497957000.0,16.37,15.59,15.96049999999999,16.68,19.09,52.64,-0.54,-0.88,0.34,巨化股份,化学原料和化学制品制造业,主板,16.532499999999963,15.881249999999953,15.554999999999978,15.678750000000024,17.723617021276578
600160,2024-09-23,16.8,16.62,17.1,16.51,16.9,275254.0,461354000.0,16.55,15.81,15.927999999999992,16.6,18.98,49.47,-0.45,-0.8,0.35,巨化股份,化学原料和化学制品制造业,主板,16.697499999999962,16.122499999999953,15.648333333333312,15.701875000000022,17.632553191489343
600160,2024-09-24,16.73,17.4,17.58,16.4,16.62,365552.0,622598000.0,16.84,16.11,15.91399999999999,16.56,18.86,57.19,-0.32,-0.7,0.38,巨化股份,化学原料和化学制品制造业,主板,16.874999999999964,16.421249999999954,15.826666666666647,15.78625000000002,17.574255319148918
600160,2024-09-25,17.65,17.62,18.0,17.43,17.4,331566.0,587311000.0,17.02,16.4,15.94499999999999,16.52,18.74,59.09,-0.2,-0.6,0.4,巨化股份,化学原料和化学制品制造业,主板,17.134999999999966,16.686249999999955,16.09249999999998,15.86125000000002,17.518297872340405
600160,2024-09-26,17.66,19.38,19.38,17.62,17.62,424481.0,790298000.0,17.58,16.84,16.09399999999999,16.56,18.65,70.4,0.04,-0.47,0.51,巨化股份,化学原料和化学制品制造业,主板,17.754999999999967,17.143749999999955,16.505833333333314,16.105000000000018,17.513617021276577
600160,2024-09-27,19.99,20.6,20.83,19.71,19.38,322607.0,649419000.0,18.32,17.35,16.31149999999999,16.64,18.59,75.46,0.33,-0.31,0.64,巨化股份,化学原料和化学制品制造业,主板,18.749999999999964,17.723749999999953,16.998333333333314,16.42375000000002,17.522978723404236
600160,2024-09-30,22.24,22.27,22.66,21.7,20.6,804100.0,1780560000.0,19.45,18.0,16.62249999999999,16.78,18.55,80.4,0.69,-0.11,0.8,巨化股份,化学原料和化学制品制造业,主板,19.967499999999966,18.421249999999954,17.603333333333314,16.86187500000002,17.5887234042553
600160,2024-10-08,24.49,22.0,24.5,21.1,22.27,969005.0,2193070000.0,20.37,18.61,16.90149999999999,16.92,18.5,77.68,0.93,0.1,0.83,巨化股份,化学原料和化学制品制造业,主板,21.062499999999964,19.098749999999953,18.144999999999982,17.33500000000002,17.649361702127642
600160,2024-10-09,21.46,20.9,22.09,20.65,22.0,724408.0,1553000000.0,21.03,19.03,17.17249999999999,17.03,18.44,67.63,1.03,0.28,0.75,巨化股份,化学原料和化学制品制造业,主板,21.442499999999967,19.598749999999953,18.57666666666665,17.740000000000016,17.686595744680833
600160,2024-10-10,20.98,20.91,21.65,20.52,20.9,400744.0,845541000.0,21.34,19.46,17.44299999999999,17.14,18.38,67.67,1.09,0.44,0.65,巨化股份,化学原料和化学制品制造业,主板,21.519999999999968,20.134999999999952,18.989166666666648,18.128750000000018,17.71680851063828
600160,2024-10-11,21.0,20.25,21.14,19.9,20.91,364086.0,744956000.0,21.27,19.79,17.69249999999999,17.24,18.34,62.09,1.07,0.57,0.5,巨化股份,化学原料和化学制品制造业,主板,21.01499999999997,20.49124999999995,19.285833333333315,18.45625000000002,17.739574468085088
600160,2024-10-14,20.3,20.48,20.62,19.95,20.25,332733.0,676539000.0,20.91,20.18,17.99499999999999,17.35,18.28,63.23,1.07,0.67,0.4,巨化股份,化学原料和化学制品制造业,主板,20.63499999999997,20.84874999999995,19.610833333333314,18.76750000000002,17.770425531914878
600160,2024-10-15,20.32,19.69,20.45,19.68,20.48,357504.0,715071000.0,20.45,20.41,18.25849999999999,17.41,18.23,56.9,0.99,0.73,0.26,巨化股份,化学原料和化学制品制造业,主板,20.332499999999968,20.88749999999995,19.843333333333312,19.015625000000018,17.767234042553177
600160,2024-10-16,19.47,19.72,20.07,19.33,19.69,346345.0,684049000.0,20.21,20.62,18.509999999999987,17.5,18.18,57.08,0.92,0.77,0.15,巨化股份,化学原料和化学制品制造业,主板,20.034999999999968,20.77749999999995,20.101666666666645,19.250625000000017,17.771489361702113
600160,2024-10-17,19.85,19.28,20.03,19.26,19.72,281583.0,551659000.0,19.88,20.61,18.72349999999999,17.6,18.15,53.63,0.81,0.78,0.03,巨化股份,化学原料和化学制品制造业,主板,19.79249999999997,20.40374999999995,20.258333333333315,19.41250000000002,17.7623404255319
600160,2024-10-18,19.19,19.58,20.06,19.1,19.28,423438.0,827065000.0,19.75,20.51,18.927499999999988,17.71,18.14,55.6,0.76,0.78,-0.02,巨化股份,化学原料和化学制品制造业,主板,19.567499999999967,20.10124999999995,20.42166666666665,19.60000000000002,17.77170212765956
600160,2024-10-21,19.83,20.61,21.08,19.51,19.58,530721.0,1082940000.0,19.78,20.34,19.17199999999999,17.86,18.15,61.63,0.78,0.78,0.0,巨化股份,化学原料和化学制品制造业,主板,19.797499999999967,20.06499999999995,20.52416666666665,19.83187500000002,17.803191489361687
600160,2024-10-22,20.5,20.8,21.08,20.5,20.61,297339.0,618406000.0,20.0,20.22,19.41399999999999,18.01,18.17,62.64,0.79,0.78,0.01,巨化股份,化学原料和化学制品制造业,主板,20.067499999999967,20.051249999999953,20.540833333333318,20.093125000000022,17.840638297872324
600160,2024-10-23,20.9,21.0,21.2,20.51,20.8,332452.0,693017000.0,20.25,20.23,19.62949999999999,18.19,18.18,63.72,0.83,0.79,0.04,巨化股份,化学原料和化学制品制造业,主板,20.497499999999967,20.144999999999953,20.43499999999998,20.318125000000023,17.88297872340424
600160,2024-10-24,20.85,20.28,20.85,20.21,21.0,292007.0,598849000.0,20.45,20.17,19.81449999999999,18.35,18.2,57.29,0.78,0.79,-0.01,巨化股份,化学原料和化学制品制造业,主板,20.672499999999967,20.119999999999955,20.291666666666647,20.48437500000002,17.917659574468072
600160,2024-10-25,19.53,20.99,21.1,19.48,20.28,512246.0,1047990000.0,20.74,20.24,20.01899999999999,18.54,18.23,61.42,0.79,0.79,0.0,巨化股份,化学原料和化学制品制造业,主板,20.767499999999966,20.282499999999956,20.299166666666647,20.585000000000022,17.967446808510623
600160,2024-10-28,20.85,20.58,21.05,19.95,20.99,401842.0,822543000.0,20.73,20.25,20.21699999999999,18.75,18.26,57.94,0.76,0.78,-0.02,巨化股份,化学原料和化学制品制造业,主板,20.712499999999967,20.389999999999954,20.27166666666665,20.58375000000002,18.012978723404242
600160,2024-10-29,20.4,20.54,20.75,20.2,20.58,238824.0,488733000.0,20.68,20.34,20.37399999999999,18.95,18.27,57.6,0.71,0.77,-0.06,巨化股份,化学原料和化学制品制造业,主板,20.597499999999968,20.547499999999953,20.295833333333317,20.475625000000022,18.064893617021262
600160,2024-10-30,20.36,21.3,21.45,20.36,20.54,341724.0,724343000.0,20.74,20.5,20.557999999999993,19.17,18.31,62.18,0.74,0.76,-0.02,巨化股份,化学原料和化学制品制造业,主板,20.852499999999967,20.762499999999953,20.36416666666665,20.431875000000023,18.13617021276594
600160,2024-10-31,21.3,20.92,21.3,20.7,21.3,281690.0,590333000.0,20.87,20.66,20.634999999999994,19.37,18.34,58.76,0.72,0.75,-0.03,巨化股份,化学原料和化学制品制造业,主板,20.83499999999997,20.801249999999953,20.46666666666665,20.433125000000025,18.202340425531897
600160,2024-11-01,21.06,21.8,22.5,21.05,20.92,473262.0,1038110000.0,21.03,20.88,20.694999999999993,19.58,18.37,63.74,0.77,0.76,0.01,巨化股份,化学原料和化学制品制造业,主板,21.13999999999997,20.926249999999953,20.639999999999983,20.488750000000024,18.28744680851062
600160,2024-11-04,21.88,22.0,22.38,21.82,21.8,301802.0,664204000.0,21.31,21.02,20.681499999999993,19.79,18.42,64.78,0.81,0.77,0.04,巨化股份,化学原料和化学制品制造业,主板,21.504999999999967,21.051249999999953,20.866666666666653,20.598125000000024,18.384680851063813
600160,2024-11-05,22.15,22.44,22.8,21.94,22.0,377273.0,846888000.0,21.69,21.18,20.703499999999995,20.0,18.46,67.02,0.87,0.79,0.08,巨化股份,化学原料和化学制品制造业,主板,21.789999999999967,21.321249999999953,21.10499999999999,20.720625000000023,18.49297872340424
600160,2024-11-06,22.45,22.35,23.1,22.2,22.44,380702.0,862293000.0,21.9,21.32,20.775999999999996,20.19,18.51,66.09,0.9,0.81,0.09,巨化股份,化学原料和化学制品制造业,主板,22.14749999999997,21.49124999999995,21.24999999999999,20.886875000000025,18.60106382978722
600160,2024-11-07,22.2,22.45,22.57,21.94,22.35,282519.0,630058000.0,22.21,21.54,20.852999999999994,20.39,18.57,66.64,0.92,0.83,0.09,巨化股份,化学原料和化学制品制造业,主板,22.30999999999997,21.72499999999995,21.38749999999999,21.057500000000026,18.70255319148935
600160,2024-11-08,22.59,22.09,22.7,21.9,22.45,294513.0,655104000.0,22.27,21.65,20.944999999999993,20.56,18.62,62.69,0.9,0.85,0.05,巨化股份,化学原料和化学制品制造业,主板,22.33249999999997,21.918749999999953,21.47833333333332,21.233125000000022,18.810851063829777
600160,2024-11-11,21.68,22.58,22.91,21.58,22.09,357917.0,798185000.0,22.38,21.85,21.04999999999999,20.76,18.68,65.67,0.91,0.86,0.05,巨化股份,化学原料和化学制品制造业,主板,22.36749999999997,22.07874999999995,21.669999999999987,21.420625000000022,18.942340425531903
600160,2024-11-12,22.42,22.63,23.26,22.42,22.58,402136.0,913296000.0,22.42,22.06,21.196999999999992,20.93,18.75,65.97,0.91,0.87,0.04,巨化股份,化学原料和化学制品制造业,主板,22.43749999999997,22.292499999999947,21.806666666666654,21.54687500000002,19.078085106382968
600160,2024-11-13,22.7,22.57,23.11,22.32,22.63,223546.0,505742000.0,22.46,22.18,21.339499999999994,21.1,18.81,65.24,0.9,0.88,0.02,巨化股份,化学原料和化学制品制造业,主板,22.46749999999997,22.388749999999945,21.972499999999986,21.65750000000002,19.21680851063829
600160,2024-11-14,22.51,22.05,22.8,22.02,22.57,254054.0,568950000.0,22.38,22.3,21.47799999999999,21.19,18.87,59.09,0.83,0.87,-0.04,巨化股份,化学原料和化学制品制造业,主板,22.457499999999968,22.394999999999946,22.09833333333332,21.72312500000002,19.336595744680842
600160,2024-11-15,22.0,22.31,23.16,21.65,22.05,321213.0,718952000.0,22.43,22.35,21.614499999999992,21.25,18.94,61.07,0.8,0.85,-0.05,巨化股份,化学原料和化学制品制造业,主板,22.38999999999997,22.378749999999947,22.182499999999987,21.850000000000023,19.48191489361701
600160,2024-11-18,22.45,21.45,22.7,21.34,22.31,333302.0,731254000.0,22.2,22.29,21.65649999999999,21.22,19.0,52.11,0.69,0.82,-0.13,巨化股份,化学原料和化学制品制造业,主板,22.09499999999997,22.266249999999946,22.22666666666665,21.87875000000002,19.60851063829786
600160,2024-11-19,21.54,21.39,21.63,20.91,21.45,266052.0,564606000.0,21.95,22.19,21.68599999999999,21.2,19.06,51.54,0.59,0.77,-0.18,巨化股份,化学原料和化学制品制造业,主板,21.79999999999997,22.13374999999995,22.19249999999998,21.92937500000002,19.738936170212757
600160,2024-11-20,21.35,21.64,21.99,21.35,21.39,240409.0,521824000.0,21.77,22.12,21.71799999999999,21.22,19.12,53.8,0.54,0.73,-0.19,巨化股份,化学原料和化学制品制造业,主板,21.69749999999997,22.077499999999947,22.16249999999998,21.99812500000002,19.892340425531906
600160,2024-11-21,21.52,21.73,21.92,21.45,21.64,138884.0,301180000.0,21.7,22.04,21.79049999999999,21.25,19.2,54.62,0.48,0.68,-0.2,巨化股份,化学原料和化学制品制造业,主板,21.55249999999997,21.971249999999948,22.103333333333314,22.02500000000002,20.047872340425524
600160,2024-11-22,21.65,20.59,21.81,20.55,21.73,248710.0,524751000.0,21.36,21.89,21.77049999999999,21.26,19.25,43.97,0.35,0.61,-0.26,巨化股份,化学原料和化学制品制造业,主板,21.33749999999997,21.71624999999995,21.956666666666646,22.004375000000017,20.17340425531914
600160,2024-11-25,20.5,20.54,20.84,20.37,20.59,162898.0,335322000.0,21.18,21.69,21.768499999999992,21.26,19.3,43.57,0.23,0.54,-0.31,巨化股份,化学原料和化学制品制造业,主板,21.124999999999968,21.46249999999995,21.79749999999998,21.925625000000018,20.291063829787227
600160,2024-11-26,20.82,21.01,21.59,20.82,20.54,202611.0,429223000.0,21.1,21.53,21.79199999999999,21.31,19.36,48.34,0.18,0.46,-0.28,巨化股份,化学原料和化学制品制造业,主板,20.96749999999997,21.332499999999946,21.707499999999982,21.863750000000017,20.408297872340416
600160,2024-11-27,21.01,22.29,22.35,20.53,21.01,290344.0,623906000.0,21.23,21.5,21.84149999999999,21.39,19.45,58.61,0.24,0.42,-0.18,巨化股份,化学原料和化学制品制造业,主板,21.10749999999997,21.329999999999945,21.68333333333332,21.85437500000002,20.54808510638297
600160,2024-11-28,22.29,22.09,22.34,21.93,22.29,206075.0,455780000.0,21.3,21.5,21.899999999999988,21.49,19.54,56.71,0.27,0.39,-0.12,巨化股份,化学原料和化学制品制造业,主板,21.48249999999997,21.409999999999947,21.638333333333318,21.838125000000016,20.678510638297862
600160,2024-11-29,22.2,22.37,22.56,21.82,22.09,254497.0,565528000.0,21.66,21.51,21.92849999999999,21.58,19.64,58.73,0.3,0.37,-0.07,巨化股份,化学原料和化学制品制造业,主板,21.93999999999997,21.53249999999995,21.621666666666652,21.833125000000017,20.799361702127648
600160,2024-12-02,22.85,22.84,23.18,22.65,22.37,353810.0,811277000.0,22.12,21.65,21.970499999999987,21.65,19.76,61.93,0.37,0.37,0.0,巨化股份,化学原料和化学制品制造业,主板,22.39749999999997,21.682499999999948,21.687499999999982,21.880000000000017,20.93255319148935
600160,2024-12-03,22.85,22.81,22.97,22.51,22.84,193878.0,441307000.0,22.48,21.79,21.988999999999987,21.72,19.86,61.6,0.42,0.38,0.04,巨化股份,化学原料和化学制品制造业,主板,22.527499999999968,21.81749999999995,21.729166666666647,21.894375000000018,21.058297872340415
600160,2024-12-04,22.71,22.47,22.85,22.24,22.81,188613.0,424031000.0,22.52,21.87,21.994999999999987,21.77,19.98,57.85,0.42,0.39,0.03,巨化股份,化学原料和化学制品制造业,主板,22.622499999999967,22.05249999999995,21.81416666666665,21.88437500000002,21.182765957446797
600160,2024-12-05,22.35,22.2,22.44,21.99,22.47,193522.0,429496000.0,22.54,21.92,21.982499999999987,21.83,20.09,54.99,0.39,0.39,0.0,巨化股份,化学原料和化学制品制造业,主板,22.579999999999966,22.25999999999995,21.88166666666665,21.86125000000002,21.284893617021268
600160,2024-12-06,22.2,22.22,22.4,22.0,22.2,174512.0,388425000.0,22.51,22.08,21.98899999999999,21.88,20.21,55.17,0.38,0.39,-0.01,巨化股份,化学原料和化学制品制造业,主板,22.424999999999965,22.41124999999995,21.92999999999999,21.87187500000002,21.3827659574468
600160,2024-12-09,22.28,22.3,23.02,22.11,22.22,243064.0,546463000.0,22.4,22.26,21.97499999999999,21.93,20.34,55.92,0.36,0.38,-0.02,巨化股份,化学原料和化学制品制造业,主板,22.297499999999964,22.41249999999995,21.97749999999999,21.87125000000002,21.444893617021265
600160,2024-12-10,22.7,22.81,23.07,22.5,22.3,346161.0,787977000.0,22.4,22.44,21.98399999999999,22.01,20.48,60.44,0.38,0.38,0.0,巨化股份,化学原料和化学制品制造业,主板,22.382499999999965,22.50249999999995,22.16249999999999,21.956250000000022,21.49191489361701
600160,2024-12-11,22.98,22.7,23.35,22.68,22.81,286710.0,659290000.0,22.45,22.48,21.99049999999999,22.05,20.61,59.03,0.39,0.38,0.01,巨化股份,化学原料和化学制品制造业,主板,22.507499999999965,22.54374999999995,22.342499999999987,22.038125000000022,21.501063829787224
600160,2024-12-12,22.7,22.61,22.88,22.15,22.7,376988.0,847741000.0,22.53,22.53,22.018499999999992,22.11,20.74,57.85,0.38,0.38,0.0,巨化股份,化学原料和化学制品制造业,主板,22.604999999999965,22.514999999999947,22.475833333333323,22.098750000000024,21.514042553191477
600160,2024-12-13,22.55,22.13,23.06,22.05,22.61,775336.0,1740570000.0,22.51,22.51,22.009499999999992,22.12,20.85,51.86,0.34,0.37,-0.03,巨化股份,化学原料和化学制品制造业,主板,22.562499999999964,22.429999999999946,22.462499999999988,22.123750000000022,21.54021276595744
600160,2024-12-16,22.03,21.58,22.15,21.29,22.13,379762.0,819852000.0,22.37,22.38,22.01599999999999,22.11,20.95,45.99,0.25,0.35,-0.1,巨化股份,化学原料和化学制品制造业,主板,22.254999999999963,22.318749999999948,22.419999999999987,22.185625000000023,21.554468085106375
600160,2024-12-17,21.67,21.48,21.84,21.23,21.58,180860.0,389067000.0,22.1,22.25,22.02049999999999,22.08,21.04,45.0,0.18,0.32,-0.14,巨化股份,化学原料和化学制品制造业,主板,21.949999999999964,22.22874999999995,22.34583333333332,22.244375000000023,21.58063829787233
600160,2024-12-18,21.9,21.75,22.48,21.45,21.48,188160.0,409619000.0,21.91,22.18,22.025999999999993,22.06,21.12,48.26,0.13,0.28,-0.15,巨化股份,化学原料和化学制品制造业,主板,21.734999999999964,22.16999999999995,22.254999999999992,22.290625000000023,21.607659574468073
600160,2024-12-19,21.4,22.75,22.93,21.36,21.75,298122.0,665725000.0,21.94,22.23,22.07699999999999,22.07,21.23,58.16,0.18,0.26,-0.08,巨化股份,化学原料和化学制品制造业,主板,21.889999999999965,22.226249999999947,22.24999999999999,22.319375000000022,21.672765957446796
600160,2024-12-20,22.77,22.91,23.2,22.73,22.75,248308.0,569934000.0,22.09,22.3,22.192999999999994,22.09,21.33,59.49,0.22,0.25,-0.03,巨化股份,化学原料和化学制品制造业,主板,22.222499999999965,22.238749999999946,22.28666666666666,22.370625000000025,21.74063829787233
600160,2024-12-23,23.26,24.0,24.27,23.1,22.91,466252.0,1113460000.0,22.58,22.47,22.365999999999993,22.14,21.45,67.17,0.35,0.27,0.08,巨化股份,化学原料和化学制品制造业,主板,22.852499999999964,22.401249999999948,22.436666666666664,22.472500000000025,21.841063829787224
600160,2024-12-24,24.0,24.15,24.23,23.7,24.0,349114.0,836486000.0,23.11,22.61,22.522999999999993,22.19,21.56,68.07,0.45,0.31,0.14,巨化股份,化学原料和化学制品制造业,主板,23.452499999999965,22.59374999999995,22.597499999999997,22.554375000000025,21.938297872340417
600160,2024-12-25,24.31,24.09,24.55,23.86,24.15,231846.0,560880000.0,23.58,22.74,22.612999999999992,22.24,21.67,67.28,0.52,0.35,0.17,巨化股份,化学原料和化学制品制造业,主板,23.787499999999966,22.83874999999995,22.74666666666666,22.634375000000023,22.01234042553191
600160,2024-12-26,24.34,24.16,24.45,23.87,24.09,193330.0,465351000.0,23.86,22.9,22.716499999999993,22.31,21.75,67.75,0.58,0.4,0.18,巨化股份,化学原料和化学制品制造业,主板,24.099999999999966,23.161249999999953,22.859166666666663,22.740000000000023,22.083829787234038
600160,2024-12-27,24.0,23.4,24.33,23.4,24.16,334146.0,795568000.0,23.96,23.03,22.767999999999994,22.35,21.8,57.98,0.55,0.43,0.12,巨化股份,化学原料和化学制品制造业,主板,23.949999999999967,23.401249999999955,22.917499999999993,22.815000000000023,22.134893617021273
600160,2024-12-30,23.2,23.87,24.08,23.2,23.4,304433.0,719550000.0,23.93,23.26,22.819499999999994,22.43,21.82,61.66,0.57,0.46,0.11,巨化股份,化学原料和化学制品制造业,主板,23.879999999999967,23.666249999999955,23.022499999999994,22.918125000000025,22.21127659574468
600160,2024-12-31,23.99,24.12,24.78,23.71,23.87,403035.0,981837000.0,23.93,23.52,22.884999999999994,22.52,21.86,63.49,0.59,0.48,0.11,巨化股份,化学原料和化学制品制造业,主板,23.887499999999967,23.837499999999956,23.18833333333333,23.031875000000024,22.277872340425525
600160,2025-01-02,25.01,23.94,25.2,23.74,24.12,318707.0,774451000.0,23.9,23.74,22.958499999999994,22.6,21.91,61.22,0.58,0.5,0.08,巨化股份,化学原料和化学制品制造业,主板,23.832499999999968,23.966249999999956,23.384999999999994,23.102500000000024,22.349361702127656
600160,2025-01-03,23.65,23.22,23.99,23.2,23.94,214399.0,506791000.0,23.71,23.79,23.009499999999996,22.65,21.95,53.06,0.52,0.51,0.01,巨化股份,化学原料和化学制品制造业,主板,23.787499999999966,23.868749999999956,23.52999999999999,23.135000000000023,22.406382978723403
600160,2025-01-06,23.6,24.75,25.54,23.6,23.22,570762.0,1411240000.0,23.98,23.97,23.135999999999996,22.79,22.02,64.04,0.58,0.52,0.06,巨化股份,化学原料和化学制品制造业,主板,24.007499999999965,23.943749999999955,23.77999999999999,23.268750000000022,22.47978723404255
600160,2025-01-07,24.8,25.26,25.37,24.46,24.75,466923.0,1164800000.0,24.26,24.1,23.283999999999995,22.94,22.1,66.82,0.67,0.55,0.12,巨化股份,化学原料和化学制品制造业,主板,24.292499999999965,24.089999999999954,23.98916666666666,23.46437500000002,22.572127659574466
600160,2025-01-08,25.06,24.32,25.2,23.87,25.26,369896.0,900679000.0,24.3,24.11,23.359499999999993,23.05,22.18,57.92,0.65,0.57,0.08,巨化股份,化学原料和化学制品制造业,主板,24.387499999999967,24.109999999999953,24.106666666666655,23.635625000000022,22.62574468085106
600160,2025-01-09,24.31,25.16,26.17,24.28,24.32,571377.0,1453020000.0,24.54,24.22,23.482499999999995,23.15,22.27,62.7,0.69,0.59,0.1,巨化股份,化学原料和化学制品制造业,主板,24.872499999999967,24.329999999999952,24.203333333333322,23.865625000000023,22.692978723404256
600160,2025-01-10,25.25,25.05,25.75,24.91,25.16,363247.0,915629000.0,24.91,24.31,23.604499999999994,23.25,22.37,61.71,0.71,0.62,0.09,巨化股份,化学原料和化学制品制造业,主板,24.947499999999966,24.477499999999953,24.278333333333325,24.071875000000023,22.74851063829787
600160,2025-01-13,24.65,24.6,25.13,24.37,25.05,260090.0,643232000.0,24.88,24.43,23.727999999999998,23.32,22.45,57.7,0.69,0.63,0.06,巨化股份,化学原料和化学制品制造业,主板,24.782499999999967,24.53749999999995,24.32083333333333,24.187500000000025,22.7963829787234
600160,2025-01-14,24.58,25.18,25.3,24.18,24.6,358370.0,892924000.0,24.86,24.56,23.907999999999998,23.4,22.53,61.2,0.7,0.65,0.05,巨化股份,化学原料和化学制品制造业,主板,24.997499999999967,24.692499999999953,24.40583333333333,24.329375000000024,22.85446808510638
600160,2025-01-15,25.09,25.07,25.38,24.5,25.18,265717.0,664196000.0,25.01,24.66,24.0875,23.48,22.6,60.18,0.7,0.66,0.04,巨化股份,化学原料和化学制品制造业,主板,24.974999999999966,24.923749999999952,24.544999999999998,24.396250000000023,22.91787234042553
600160,2025-01-16,25.2,24.81,25.21,24.45,25.07,239535.0,594145000.0,24.94,24.74,24.240499999999997,23.55,22.66,57.74,0.67,0.66,0.01,巨化股份,化学原料和化学制品制造业,主板,24.914999999999967,24.931249999999952,24.62333333333333,24.437500000000025,22.965319148936167
600160,2025-01-17,24.74,25.37,25.66,24.6,24.81,255145.0,643408000.0,25.01,24.96,24.371499999999997,23.66,22.75,61.38,0.68,0.66,0.02,巨化股份,化学原料和化学制品制造业,主板,25.107499999999966,24.944999999999954,24.727499999999996,24.517500000000027,23.02361702127659
600160,2025-01-20,25.85,26.2,26.6,25.7,25.37,384749.0,1004940000.0,25.33,25.1,24.535999999999998,23.79,22.83,66.04,0.75,0.68,0.07,巨化股份,化学原料和化学制品制造业,主板,25.36249999999997,25.179999999999954,24.915833333333328,24.645000000000024,23.100851063829783
600160,2025-01-21,26.22,26.08,26.39,25.9,26.2,233241.0,610009000.0,25.51,25.18,24.639999999999997,23.92,22.92,64.82,0.78,0.7,0.08,巨化股份,化学原料和化学制品制造业,主板,25.614999999999966,25.294999999999956,25.154166666666658,24.812500000000025,23.186595744680847
600160,2025-01-22,26.12,26.31,26.37,25.75,26.08,263804.0,688666000.0,25.75,25.38,24.747999999999998,24.03,23.02,66.11,0.82,0.72,0.1,巨化股份,化学原料和化学制品制造业,主板,25.989999999999966,25.452499999999954,25.28416666666666,24.965000000000025,23.27170212765957
600160,2025-01-23,26.72,25.37,26.72,25.37,26.31,430838.0,1113300000.0,25.87,25.4,24.811999999999998,24.12,23.09,56.92,0.76,0.73,0.03,巨化股份,化学原料和化学制品制造业,主板,25.989999999999966,25.548749999999956,25.293333333333326,25.043125000000025,23.355106382978715
600160,2025-01-24,25.3,25.58,25.75,25.17,25.37,196221.0,501851000.0,25.91,25.46,24.882999999999996,24.22,23.17,58.31,0.72,0.73,-0.01,巨化股份,化学原料和化学制品制造业,主板,25.83499999999996,25.598749999999953,25.398333333333326,25.145625000000024,23.444255319148922
600160,2025-01-27,25.68,25.67,25.79,25.4,25.58,164050.0,420352000.0,25.8,25.56,24.996499999999997,24.34,23.23,58.93,0.7,0.72,-0.02,巨化股份,化学原料和化学制品制造业,主板,25.732499999999963,25.673749999999956,25.440833333333327,25.298750000000027,23.529999999999987
600160,2025-02-05,25.67,25.66,25.79,25.02,25.67,158921.0,405625000.0,25.72,25.61,25.085999999999995,24.48,23.29,58.82,0.67,0.71,-0.04,巨化股份,化学原料和化学制品制造业,主板,25.569999999999965,25.779999999999955,25.49166666666666,25.35562500000003,23.613617021276585
600160,2025-02-06,25.56,25.4,25.97,25.26,25.66,217585.0,554289000.0,25.54,25.64,25.149999999999995,24.61,23.34,56.06,0.62,0.69,-0.07,巨化股份,化学原料和化学制品制造业,主板,25.577499999999965,25.783749999999955,25.558333333333323,25.364375000000027,23.715957446808503
600160,2025-02-07,25.31,24.73,25.45,24.25,25.4,470054.0,1162740000.0,25.41,25.64,25.189499999999995,24.71,23.38,49.61,0.52,0.66,-0.14,巨化股份,化学原料和化学制品制造业,主板,25.364999999999966,25.599999999999955,25.520833333333325,25.39000000000003,23.805106382978718
600160,2025-02-10,24.73,24.82,24.86,24.51,24.73,203602.0,503204000.0,25.26,25.58,25.269499999999994,24.78,23.42,50.43,0.44,0.62,-0.18,巨化股份,化学原料和化学制品制造业,主板,25.152499999999964,25.442499999999953,25.49999999999999,25.368750000000027,23.88617021276595
600160,2025-02-11,24.88,24.97,25.3,24.53,24.82,251264.0,626947000.0,25.12,25.46,25.280499999999996,24.84,23.47,51.85,0.38,0.57,-0.19,巨化股份,化学原料和化学制品制造业,主板,24.979999999999965,25.274999999999952,25.513333333333325,25.363750000000028,23.943191489361695
600160,2025-02-12,24.86,24.99,25.1,24.78,24.97,140012.0,349260000.0,24.98,25.35,25.266999999999996,24.88,23.51,52.05,0.33,0.52,-0.19,巨化股份,化学原料和化学制品制造业,主板,24.877499999999962,25.227499999999953,25.48166666666666,25.388125000000027,24.00489361702127
600160,2025-02-13,25.0,24.59,25.01,24.51,24.99,166439.0,411587000.0,24.82,25.18,25.280499999999996,24.89,23.54,47.83,0.26,0.47,-0.21,巨化股份,化学原料和化学制品制造业,主板,24.842499999999962,25.103749999999955,25.347499999999993,25.351250000000025,24.052127659574463
600160,2025-02-14,24.59,24.94,25.2,24.5,24.59,172240.0,427777000.0,24.86,25.14,25.269499999999997,24.92,23.58,51.53,0.23,0.42,-0.19,巨化股份,化学原料和化学制品制造业,主板,24.87249999999996,25.012499999999953,25.252499999999994,25.343125000000025,24.096808510638297
600160,2025-02-17,24.67,24.59,24.88,24.02,24.94,248800.0,607282000.0,24.82,25.04,25.246499999999994,24.93,23.62,47.88,0.18,0.37,-0.19,巨化股份,化学原料和化学制品制造业,主板,24.77749999999996,24.878749999999954,25.109166666666656,25.329375000000024,24.134680851063827
600160,2025-02-18,24.6,24.81,25.55,24.53,24.59,283471.0,709845000.0,24.78,24.95,25.256999999999994,24.98,23.66,50.26,0.15,0.33,-0.18,巨化股份,化学原料和化学制品制造业,主板,24.732499999999963,24.804999999999954,25.06249999999999,25.294375000000024,24.18446808510638
600160,2025-02-19,25.18,23.9,25.18,23.02,24.81,661851.0,1579660000.0,24.57,24.77,25.19299999999999,24.98,23.71,41.75,0.06,0.27,-0.21,巨化股份,化学原料和化学制品制造业,主板,24.55999999999996,24.701249999999956,24.92249999999999,25.150625000000023,24.220638297872338
600160,2025-02-20,23.88,23.95,24.06,23.38,23.9,288573.0,687527000.0,24.44,24.63,25.136999999999993,24.98,23.75,42.33,-0.01,0.22,-0.23,巨化股份,化学原料和化学制品制造业,主板,24.31249999999996,24.592499999999955,24.779166666666654,25.017500000000023,24.257446808510636
600160,2025-02-21,23.88,23.25,23.95,23.15,23.95,386660.0,904701000.0,24.1,24.48,25.05899999999999,24.95,23.78,36.82,-0.13,0.15,-0.28,巨化股份,化学原料和化学制品制造业,主板,23.97749999999996,24.377499999999955,24.57833333333332,24.826250000000023,24.277659574468085
600160,2025-02-24,23.16,23.98,24.1,23.07,23.25,314673.0,744894000.0,23.98,24.4,24.989499999999985,24.98,23.81,44.88,-0.15,0.09,-0.24,巨化股份,化学原料和化学制品制造业,主板,23.76999999999996,24.251249999999953,24.45999999999999,24.739375000000024,24.302553191489363
600160,2025-02-25,23.83,23.68,23.99,23.53,23.98,165497.0,392639000.0,23.75,24.27,24.863499999999984,24.94,23.86,42.48,-0.2,0.03,-0.23,巨化股份,化学原料和化学制品制造业,主板,23.71499999999996,24.137499999999953,24.372499999999988,24.620625000000025,24.32340425531915
600160,2025-02-26,24.15,24.72,25.44,24.15,23.68,406372.0,1013580000.0,23.92,24.24,24.795499999999983,24.92,23.93,52.04,-0.15,-0.01,-0.14,巨化股份,化学原料和化学制品制造业,主板,23.90749999999996,24.109999999999953,24.36416666666665,24.561250000000026,24.368297872340428
600160,2025-02-27,24.61,24.72,25.2,24.59,24.72,204762.0,508347000.0,24.07,24.25,24.715999999999983,24.94,24.0,52.04,-0.11,-0.03,-0.08,巨化股份,化学原料和化学制品制造业,主板,24.27499999999996,24.126249999999953,24.343333333333316,24.502500000000023,24.423404255319152
600160,2025-02-28,24.86,24.38,24.99,24.28,24.72,174758.0,430542000.0,24.3,24.2,24.666499999999985,24.91,24.03,48.96,-0.1,-0.04,-0.06,巨化股份,化学原料和化学制品制造业,主板,24.374999999999957,24.072499999999952,24.29249999999998,24.438750000000024,24.482978723404262
600160,2025-03-03,24.33,24.05,24.52,23.98,24.38,167366.0,405489000.0,24.31,24.14,24.589999999999982,24.88,24.06,46.1,-0.12,-0.06,-0.06,巨化股份,化学原料和化学制品制造业,主板,24.46749999999996,24.091249999999953,24.247499999999985,24.396250000000023,24.53765957446809
600160,2025-03-04,24.01,23.87,24.23,23.8,24.05,125326.0,300574000.0,24.35,24.05,24.49999999999998,24.85,24.09,44.57,-0.15,-0.08,-0.07,巨化股份,化学原料和化学制品制造业,主板,24.25499999999996,24.081249999999955,24.158333333333317,24.336875000000024,24.58276595744681
600160,2025-03-05,23.82,24.65,24.78,23.78,23.87,198068.0,481538000.0,24.33,24.12,24.44949999999998,24.84,24.12,52.0,-0.11,-0.08,-0.03,巨化股份,化学原料和化学制品制造业,主板,24.23749999999996,24.256249999999955,24.163333333333316,24.316875000000024,24.623191489361705
600160,2025-03-06,24.82,24.69,24.82,24.41,24.65,175686.0,432746000.0,24.33,24.2,24.41399999999998,24.82,24.15,52.35,-0.08,-0.08,0.0,巨化股份,化学原料和化学制品制造业,主板,24.314999999999962,24.344999999999956,24.153333333333318,24.298125000000024,24.66106382978724
600160,2025-03-07,24.67,25.25,25.3,24.58,24.69,230547.0,577452000.0,24.5,24.4,24.43999999999998,24.84,24.2,57.1,0.01,-0.06,0.07,巨化股份,化学原料和化学制品制造业,主板,24.614999999999963,24.541249999999955,24.26583333333332,24.339375000000025,24.68765957446809
600160,2025-03-10,25.3,26.0,26.1,25.08,25.25,321112.0,830333000.0,24.89,24.6,24.49899999999998,24.86,24.26,62.49,0.13,-0.02,0.15,巨化股份,化学原料和化学制品制造业,主板,25.14749999999996,24.701249999999956,24.436666666666653,24.405625000000025,24.727021276595746
600160,2025-03-11,25.8,26.18,26.18,25.55,26.0,226967.0,586986000.0,25.35,24.85,24.55949999999998,24.86,24.33,63.67,0.23,0.03,0.2,巨化股份,化学原料和化学制品制造业,主板,25.52999999999996,24.883749999999957,24.68083333333332,24.505000000000027,24.771489361702134
600160,2025-03-12,26.4,25.76,26.42,25.72,26.18,209797.0,545324000.0,25.58,24.96,24.597999999999978,24.85,24.38,59.01,0.27,0.07,0.2,巨化股份,化学原料和化学制品制造业,主板,25.79749999999996,25.056249999999956,24.82916666666665,24.564375000000027,24.80553191489362
600160,2025-03-13,25.78,25.8,25.97,25.59,25.76,156197.0,402285000.0,25.8,25.06,24.65849999999998,24.83,24.43,59.31,0.31,0.12,0.19,巨化股份,化学原料和化学制品制造业,主板,25.93499999999996,25.274999999999956,25.005833333333317,24.68312500000003,24.856595744680853
600160,2025-03-14,25.9,25.54,26.03,25.46,25.8,212039.0,545588000.0,25.86,25.18,24.68849999999998,24.84,24.48,56.37,0.31,0.16,0.15,巨化股份,化学原料和化学制品制造业,主板,25.819999999999958,25.483749999999954,25.074166666666656,24.78250000000003,24.89212765957447
600160,2025-03-17,25.54,25.5,25.91,25.48,25.54,111922.0,286716000.0,25.76,25.32,24.733999999999977,24.83,24.53,55.91,0.31,0.19,0.12,巨化股份,化学原料和化学制品制造业,主板,25.649999999999956,25.589999999999954,25.139166666666654,24.92312500000003,24.921489361702132
600160,2025-03-18,25.75,25.25,26.14,25.21,25.5,268368.0,688121000.0,25.57,25.46,24.75599999999998,24.82,24.58,53.0,0.28,0.21,0.07,巨化股份,化学原料和化学制品制造业,主板,25.522499999999955,25.659999999999954,25.211666666666655,25.00250000000003,24.94936170212766
600160,2025-03-19,25.3,25.27,26.1,25.11,25.25,270122.0,688775000.0,25.47,25.52,24.824499999999983,24.81,24.64,53.21,0.26,0.22,0.04,巨化股份,化学原料和化学制品制造业,主板,25.389999999999954,25.662499999999955,25.31333333333332,25.101875000000028,24.992978723404256
600160,2025-03-20,25.28,25.03,25.49,25.0,25.27,170013.0,427896000.0,25.32,25.56,24.87849999999998,24.8,24.7,50.31,0.22,0.22,0.0,巨化股份,化学原料和化学制品制造业,主板,25.262499999999953,25.541249999999955,25.409999999999986,25.121250000000025,24.998936170212765
600160,2025-03-21,25.0,23.65,25.12,23.65,25.03,348582.0,846874000.0,24.94,25.4,24.898499999999984,24.76,24.73,37.61,0.08,0.19,-0.11,巨化股份,化学原料和化学制品制造业,主板,24.799999999999955,25.224999999999955,25.326666666666654,25.05437500000002,24.964680851063832
600160,2025-03-24,23.68,24.3,24.42,23.6,23.65,229704.0,551934000.0,24.7,25.23,24.914499999999983,24.74,24.76,44.69,0.02,0.16,-0.14,巨化股份,化学原料和化学制品制造业,主板,24.562499999999954,25.042499999999958,25.294166666666655,25.049375000000023,24.96425531914894
600160,2025-03-25,24.3,23.9,24.54,23.35,24.3,238012.0,567405000.0,24.43,25.0,24.92549999999998,24.71,24.78,41.56,-0.06,0.11,-0.17,巨化股份,化学原料和化学制品制造业,主板,24.219999999999953,24.804999999999957,25.181666666666654,25.04000000000002,24.937446808510643
